/*--------------------------------*- C++ -*----------------------------------*\
| =========                 |                                                 |
| \\      /  F ield         | OpenFOAM: The Open Source CFD Toolbox           |
|  \\    /   O peration     | Version:  2412                                  |
|   \\  /    A nd           | Website:  www.openfoam.com                      |
|    \\/     M anipulation  |                                                 |
\*---------------------------------------------------------------------------*/
FoamFile
{
    version     2.0;
    format      ascii;
    arch        "LSB;label=32;scalar=64";
    class       faceSet;
    location    "constant/polyMesh/sets";
    object      bottomPatch;
}
// * * * * * * * * * * * * * * * * * * * * * * * * * * * * * * * * * * * * * //


9000
(
2125171
2125172
2125173
2125175
2125176
2125178
2125181
2125182
2125183
2125184
2125185
2125186
2125187
2125188
2125189
2125190
2125191
2125193
2125194
2125195
2125196
2125197
2125198
2125199
2125200
2125201
2125203
2125204
2125205
2125206
2125208
2125210
2125211
2125212
2125213
2125214
2125215
2125216
2125217
2125219
2125220
2125221
2125224
2125226
2125227
2125228
2125231
2125233
2125234
2125236
2125237
2125238
2125239
2125241
2125242
2125243
2125244
2125245
2125246
2125247
2125248
2125249
2125251
2125252
2125253
2125254
2125255
2125256
2125257
2125258
2125259
2125260
2125261
2125262
2125264
2125265
2125266
2125267
2125268
2125269
2125270
2125271
2125272
2125274
2125275
2125276
2125277
2125286
2125287
2125288
2125290
2125291
2125292
2125293
2125294
2125295
2125296
2125297
2125298
2125300
2125301
2125302
2125303
2125304
2125305
2125306
2125307
2125308
2125310
2125311
2125312
2125313
2125314
2125315
2125324
2125326
2125327
2125328
2125329
2125330
2125331
2125332
2125333
2125334
2125335
2125336
2125337
2125338
2125339
2125340
2125341
2125342
2125344
2125345
2125346
2125347
2125348
2125349
2125350
2125351
2125352
2125353
2125354
2125355
2125356
2125357
2125358
2125359
2125360
2125361
2125362
2125363
2125365
2125367
2125368
2125369
2125372
2125373
2125374
2125376
2125377
2125379
2125380
2125382
2125383
2125385
2125386
2125387
2125635
2125637
2125638
2125639
2125640
2125642
2125643
2125644
2125645
2125646
2125647
2125648
2125649
2125650
2125652
2125653
2125655
2125656
2125657
2125658
2125659
2125660
2125661
2125662
2125663
2125664
2125665
2125666
2125667
2125668
2125669
2125670
2125671
2125673
2125674
2125675
2125676
2125677
2125679
2125680
2125681
2125682
2125683
2125684
2125685
2125686
2125687
2125688
2125689
2125690
2125692
2125693
2125694
2125695
2125696
2125697
2125698
2125700
2125701
2125702
2125703
2125704
2125705
2125706
2125707
2125708
2125709
2125710
2125712
2125713
2125714
2125715
2125716
2125718
2125719
2125720
2125721
2125722
2125723
2125724
2125726
2125727
2125729
2125730
2125731
2125733
2125734
2125735
2125736
2125738
2125740
2125741
2125742
2125771
2125772
2125773
2125774
2125775
2125776
2125777
2125779
2125781
2125782
2125783
2125793
2125794
2125795
2125796
2125797
2125798
2125799
2125800
2125801
2125802
2125803
2125810
2125812
2125813
2125815
2125816
2125818
2125819
2125820
2125821
2125823
2125824
2125825
2125826
2125827
2125828
2125829
2125830
2125837
2125838
2125839
2125841
2125842
2125843
2125844
2125846
2125848
2125849
2125850
2125861
2125863
2125864
2125865
2125866
2125868
2125869
2125871
2125872
2125873
2125874
2125875
2125876
2125877
2125879
2125880
2125882
2125883
2125884
2125886
2125887
2125888
2125889
2125890
2125892
2125893
2125894
2125902
2125903
2125904
2125905
2125906
2125907
2125908
2125910
2125911
2125912
2125913
2125914
2125916
2125917
2125918
2125928
2125929
2125930
2125932
2125933
2125934
2125935
2125936
2125937
2125938
2125939
2125946
2125947
2125948
2125950
2125951
2125952
2125953
2125954
2125955
2125956
2125957
2125964
2125966
2125967
2125968
2125969
2125970
2125972
2125973
2125974
2125975
2125976
2125977
2125978
2125979
2125980
2125981
2125982
2125983
2125985
2125986
2125987
2125988
2125989
2125991
2125992
2125993
2125994
2125995
2125996
2125997
2125998
2125999
2126000
2126001
2126002
2126004
2126005
2126006
2126007
2126008
2126010
2126011
2126012
2126013
2126014
2126015
2126016
2126017
2126018
2126019
2126020
2126027
2126028
2126029
2126031
2126032
2126033
2126034
2126035
2126036
2126043
2126044
2126045
2126046
2126047
2126048
2126049
2126050
2126052
2126054
2126055
2126064
2126065
2126066
2126067
2126068
2126069
2126070
2126071
2126080
2126081
2126083
2126084
2126085
2126086
2126087
2126088
2126089
2126090
2126091
2126092
2126093
2126094
2126096
2126098
2126100
2126101
2126102
2126104
2126105
2126106
2126107
2126109
2126111
2126112
2126113
2126123
2126124
2126125
2126126
2126127
2126128
2126129
2126130
2126131
2126132
2126133
2126134
2126135
2126141
2126143
2126144
2126145
2126146
2126148
2126149
2126150
2126151
2126152
2126153
2126154
2126155
2126156
2126158
2126159
2126161
2126162
2126164
2126165
2126167
2126168
2126170
2126171
2126173
2126174
2126175
2126176
2126177
2126178
2126179
2126180
2126181
2126182
2126183
2126184
2126185
2126186
2126187
2126188
2126189
2126190
2126191
2126192
2126725
2126728
2126729
2126730
2126731
2126732
2126733
2126734
2126737
2126739
2126740
2126741
2126742
2126743
2126744
2126745
2126746
2126747
2126767
2126768
2126769
2126770
2126772
2126774
2126775
2126776
2126777
2126784
2126786
2126787
2126788
2126789
2126790
2126800
2126801
2126802
2126803
2126806
2126808
2126823
2126824
2126825
2126826
2126829
2126830
2126831
2126835
2126836
2126837
2126841
2126842
2126844
2126847
2126848
2126849
2126850
2126851
2126852
2126853
2126854
2126861
2126862
2126863
2126864
2126877
2126879
2126892
2126894
2126896
2126897
2126898
2126899
2127046
2127047
2127048
2127049
2127050
2127052
2127053
2127054
2127055
2127056
2127057
2127058
2127059
2127061
2127062
2127063
2127065
2127066
2127068
2127069
2127070
2127071
2127072
2127073
2127074
2127075
2127076
2127077
2127078
2127080
2127081
2127082
2127083
2127084
2127085
2127086
2127087
2127088
2127089
2127090
2127091
2127094
2127095
2127096
2127149
2127150
2127152
2127153
2127154
2127155
2127156
2127157
2127158
2127159
2127160
2127162
2127163
2127164
2127165
2127169
2127170
2127171
2127172
2127176
2127177
2127178
2127179
2127180
2127181
2127182
2127183
2127184
2127185
2127186
2127187
2127188
2127189
2127190
2127191
2127192
2127193
2127194
2127195
2127196
2127197
2127198
2127199
2127200
2127201
2127202
2127203
2127204
2127205
2127206
2127207
2127208
2127209
2127210
2127211
2127212
2127213
2127214
2127220
2127221
2127222
2127223
2127225
2127226
2127227
2127228
2127229
2127230
2127231
2127232
2127233
2127263
2127265
2127266
2127267
2127268
2127269
2127270
2127271
2127272
2127273
2127282
2127283
2127285
2127286
2127287
2127288
2127289
2127290
2127291
2127292
2127293
2127295
2127296
2127297
2127298
2127299
2127300
2127301
2127302
2127303
2127311
2127313
2127314
2127315
2127316
2127320
2127321
2127322
2127323
2127327
2127328
2127329
2127330
2127331
2127333
2127334
2127335
2127336
2127342
2127343
2127344
2127345
2127359
2127361
2127362
2127363
2127364
2127370
2127371
2127372
2127373
2127387
2127388
2127389
2127390
2127391
2127392
2127393
2127394
2127395
2127402
2127403
2127404
2127405
2127406
2127407
2127408
2127409
2127410
2127411
2127412
2127413
2127414
2127419
2127420
2127421
2127422
2127423
2127424
2127425
2127426
2127429
2127430
2127431
2127432
2127433
2127434
2127435
2127436
2127437
2127438
2127439
2127440
2127441
2127442
2127443
2127444
2127445
2127448
2127449
2127450
2127451
2127452
2127453
2127454
2127455
2127456
2127459
2127460
2127461
2127462
2127463
2127464
2127465
2127466
2127467
2127468
2127469
2127470
2127471
2127472
2127473
2127474
2127475
2127479
2127480
2127481
2127482
2127483
2127484
2127485
2127486
2127487
2127493
2127494
2127495
2127496
2127497
2127498
2127499
2127500
2127508
2127509
2127510
2127511
2127512
2127517
2127518
2127519
2127520
2127523
2127524
2127525
2127526
2127539
2127540
2127541
2127542
2127543
2127550
2127551
2127552
2127553
2127554
2127555
2127556
2127557
2127558
2127563
2127564
2127565
2127566
2127569
2127570
2127571
2127572
2127588
2127589
2127590
2127591
2127592
2127593
2127594
2127595
2127596
2127604
2127605
2127606
2127607
2127608
2127609
2127610
2127611
2127612
2127613
2127614
2127615
2127616
2127617
2127618
2127619
2127620
2127621
2127622
2127623
2128059
2128060
2128061
2128062
2128064
2128065
2128066
2128068
2128069
2128071
2128072
2128074
2128075
2128077
2128078
2128080
2128081
2128082
2128083
2128085
2128086
2128087
2128088
2128090
2128092
2128093
2128094
2128095
2128096
2128097
2128098
2128104
2128108
2128109
2128114
2128115
2128116
2128118
2128119
2128120
2128121
2128122
2128123
2128124
2128126
2128127
2128128
2128129
2128130
2128133
2128134
2128135
2128137
2128138
2128140
2128141
2128143
2128144
2128145
2128148
2128149
2128150
2128151
2128152
2128153
2128154
2128156
2128157
2128158
2128159
2128161
2128162
2128163
2128165
2128166
2128167
2128169
2128170
2128171
2128172
2128173
2128174
2128176
2128177
2128178
2128180
2128184
2128185
2128186
2128187
2128188
2128189
2128190
2128191
2128192
2128193
2128194
2128195
2128196
2128198
2128199
2128200
2128201
2128203
2128204
2128205
2128206
2128208
2128210
2128211
2128213
2128214
2128216
2128217
2128219
2128220
2128221
2128222
2128223
2128224
2128226
2128227
2128228
2128229
2128230
2128231
2128232
2128233
2128234
2128235
2128237
2128242
2128244
2128247
2128248
2128256
2128258
2128259
2128260
2128261
2128262
2128263
2128264
2128266
2128270
2128271
2128272
2128273
2128274
2128276
2128277
2128279
2128280
2128281
2128283
2128284
2128285
2128286
2128287
2128288
2128289
2128290
2128291
2128292
2128293
2128295
2128296
2128298
2128299
2128300
2128301
2128303
2128304
2128305
2128306
2128307
2128308
2128309
2128310
2128312
2128313
2128315
2128316
2128317
2128318
2128319
2128321
2128322
2128323
2128324
2128325
2128327
2128328
2128330
2128331
2128332
2128335
2128336
2128337
2128338
2128339
2128340
2128341
2128343
2128344
2128345
2128346
2128347
2128350
2128351
2128352
2128354
2128355
2128357
2128358
2128360
2128361
2128362
2128365
2128366
2128367
2128368
2128369
2128370
2128371
2128373
2128374
2128375
2128376
2128377
2128380
2128381
2128382
2128384
2128385
2128387
2128388
2128390
2128391
2128392
2128395
2128396
2128397
2128398
2128399
2128400
2128401
2128403
2128404
2128405
2128406
2128407
2128410
2128411
2128412
2128414
2128415
2128417
2128418
2128419
2128420
2128422
2128423
2128424
2128426
2128427
2128428
2128429
2128430
2128431
2128432
2128433
2128434
2128436
2128437
2128439
2128440
2128441
2128443
2128444
2128445
2128446
2128447
2128448
2128449
2128451
2128452
2128453
2128455
2128456
2128457
2128458
2128459
2128460
2128461
2128462
2128464
2128470
2128473
2128478
2128479
2128480
2128481
2128482
2128483
2128485
2128486
2128487
2128488
2128489
2128490
2128491
2128496
2128497
2128503
2128505
2128508
2128509
2128513
2128514
2128515
2128516
2128517
2128518
2128520
2128521
2128523
2128524
2128525
2128526
2128528
2128529
2128531
2128532
2128533
2128534
2128535
2128537
2128538
2128539
2128541
2128542
2128544
2128545
2128547
2128548
2128550
2128551
2128553
2128554
2128556
2128557
2128559
2128560
2128562
2128563
2128564
2128565
2128566
2128567
2128569
2128570
2128571
2128573
2128574
2128575
2128576
2128578
2128579
2128581
2128582
2128584
2129108
2129109
2129111
2129112
2129113
2129114
2129115
2129116
2129117
2129119
2129121
2129122
2129124
2129126
2129127
2129128
2129129
2129130
2129131
2129133
2129134
2129135
2129136
2129138
2129139
2129140
2129141
2129142
2129143
2129145
2129146
2129147
2129149
2129150
2129151
2129152
2129153
2129154
2129156
2129157
2129159
2129160
2129161
2129162
2129163
2129164
2129165
2129166
2129167
2129168
2129169
2129171
2129172
2129173
2129174
2129175
2129177
2129178
2129179
2129180
2129181
2129182
2129183
2129185
2129187
2129188
2129189
2129190
2129191
2129192
2129193
2129194
2129195
2129196
2129198
2129199
2129200
2129201
2129203
2129205
2129206
2129207
2129208
2129209
2129210
2129213
2129214
2129215
2129216
2129218
2129219
2129220
2129221
2129222
2129223
2129225
2129226
2129227
2129229
2129230
2129232
2129233
2129234
2129235
2129236
2129237
2129239
2129240
2129241
2129243
2129244
2129246
2129247
2129248
2129249
2129250
2129251
2129253
2129254
2129255
2129256
2129257
2129260
2129261
2129262
2129263
2129264
2129265
2129266
2129269
2129270
2129271
2129272
2129274
2129276
2129277
2129278
2129279
2129280
2129281
2129284
2129285
2129286
2129287
2129288
2129289
2129290
2129291
2129292
2129294
2129295
2129296
2129298
2129300
2129301
2129302
2129303
2129304
2129305
2129306
2129308
2129309
2129310
2129312
2129314
2129315
2129316
2129317
2129318
2129319
2129320
2129322
2129323
2129324
2129326
2129327
2129328
2129547
2129548
2129549
2129550
2129551
2129553
2129555
2129556
2129557
2129558
2129559
2129560
2129561
2129562
2129563
2129564
2129565
2129566
2129567
2129569
2129570
2129572
2129573
2129575
2129576
2129578
2129579
2129581
2129582
2129583
2129584
2129585
2129586
2129588
2129589
2129590
2129591
2129595
2129601
2129603
2129606
2129607
2129610
2129611
2129612
2129613
2129614
2129615
2129616
2129617
2129618
2129619
2129620
2129621
2129622
2129623
2129624
2129625
2129626
2129627
2129629
2129630
2129632
2129634
2129635
2129636
2129637
2129639
2129640
2129642
2129643
2129644
2129646
2129647
2129648
2129649
2129650
2129651
2129652
2129653
2129654
2129655
2129657
2129659
2129660
2129661
2129662
2129664
2129665
2129666
2129668
2129669
2129670
2129671
2129673
2129675
2129676
2129677
2129678
2129680
2129681
2129686
2129687
2129688
2129689
2129690
2129691
2129693
2129695
2129698
2129700
2129702
2129703
2129704
2129705
2129707
2129708
2129709
2129710
2129711
2129712
2129713
2129714
2129715
2129718
2129719
2129721
2129723
2129724
2129725
2129726
2129728
2129730
2129731
2129732
2129733
2129735
2129736
2129737
2129738
2129739
2129740
2129741
2129742
2129743
2129744
2129745
2129747
2129749
2129750
2129751
2129752
2129754
2129755
2129756
2129757
2129758
2129759
2129761
2129762
2129764
2129765
2129767
2129768
2129770
2129771
2129772
2129773
2129774
2129775
2129776
2129778
2129780
2129781
2129782
2129783
2129784
2129785
2129786
2129787
2129788
2129789
2129790
2129791
2129792
2129794
2129796
2129797
2129798
2129799
2129801
2129802
2129803
2129804
2129805
2129806
2129807
2129808
2129809
2129810
2129811
2129813
2129815
2129816
2129817
2129818
2129820
2129821
2129822
2129823
2129827
2129833
2129835
2129838
2129842
2129847
2129848
2129849
2129850
2129851
2129852
2129854
2129856
2129859
2129860
2129862
2129866
2129867
2129868
2129869
2129870
2129871
2129873
2129875
2129878
2129880
2129882
2129883
2129884
2129885
2129887
2129888
2129889
2129891
2129892
2129893
2129894
2129896
2129898
2129899
2129900
2129901
2129903
2129905
2129907
2129908
2129909
2129910
2129912
2129913
2129914
2129916
2129917
2129918
2129919
2129921
2129923
2129924
2129925
2129926
2129928
2129930
2129931
2129932
2129934
2129935
2129936
2129937
2129938
2129939
2129940
2129941
2129942
2129943
2129945
2129946
2129947
2129949
2129950
2129951
2129952
2129953
2129954
2129955
2129956
2129957
2129958
2129960
2129961
2129963
2129965
2129966
2129967
2129968
2129970
2129971
2129972
2129973
2129974
2129975
2129976
2129977
2129978
2129979
2129980
2129981
2129982
2129983
2129984
2129985
2129986
2129987
2129988
2129989
2129991
2129992
2129994
2129996
2129997
2129998
2129999
2130001
2130002
2130003
2130004
2130005
2130006
2130007
2130008
2130009
2130010
2130011
2130012
2130013
2130014
2130015
2130016
2130017
2130018
2130019
2130020
2130022
2130023
2130025
2130027
2130028
2130029
2130030
2130032
2130033
2130034
2130035
2130036
2130037
2130038
2130039
2130040
2130041
2130042
2130043
2130044
2130045
2130046
2130047
2130048
2130049
2130050
2130051
2130053
2130054
2130055
2130057
2130058
2130059
2130060
2130061
2130062
2130063
2130064
2130065
2130066
2130068
2130070
2130071
2130072
2130073
2130075
2130076
2130077
2130079
2130080
2130081
2130082
2130084
2130086
2130087
2130088
2130089
2130091
2130093
2130094
2130095
2130096
2130100
2130106
2130108
2130111
2130112
2130117
2130121
2130122
2130123
2130124
2130125
2130126
2130128
2130130
2130133
2130135
2130136
2130137
2130138
2130142
2130148
2130150
2130153
2130154
2130158
2130160
2130161
2130162
2130163
2130165
2130166
2130167
2130168
2130169
2130170
2130171
2130172
2130175
2130176
2130178
2130180
2130181
2130182
2130183
2130185
2130186
2130187
2130188
2130189
2130190
2130191
2130192
2130193
2130194
2130195
2130197
2130199
2130200
2130201
2130202
2130203
2130204
2130205
2130206
2130207
2130208
2130209
2130210
2130211
2130213
2130214
2130216
2130217
2130219
2130220
2130222
2130223
2130225
2130226
2130228
2130229
2130231
2130232
2130234
2130235
2130236
2130237
2130238
2130239
2130240
2130242
2130244
2130245
2130246
2130247
2130248
2130249
2130250
2130251
2130252
2130253
2130254
2130255
2130256
2130258
2130259
2130260
2130261
2130262
2130263
2130980
2130981
2130982
2130983
2130984
2130985
2130986
2130987
2130988
2130989
2130990
2130991
2130992
2130993
2130994
2130995
2131012
2131013
2131014
2131015
2131016
2131017
2131018
2131019
2131020
2131021
2131022
2131023
2131024
2131025
2131027
2131028
2131029
2131030
2131031
2131033
2131034
2131035
2131036
2131037
2131039
2131040
2131041
2131042
2131043
2131045
2131046
2131047
2131048
2131049
2131050
2131051
2131052
2131053
2131054
2131055
2131056
2131057
2131058
2131059
2131060
2131061
2131062
2131063
2131064
2131065
2131066
2131067
2131068
2131069
2131070
2131071
2131072
2131073
2131074
2131075
2131076
2131078
2131079
2131080
2131081
2131082
2131083
2131084
2131085
2131086
2131087
2131089
2131090
2131091
2131092
2131093
2131177
2131178
2131181
2131182
2131184
2131185
2131186
2131187
2131188
2131189
2131190
2131191
2131193
2131194
2131195
2131196
2131198
2131199
2131200
2131201
2131204
2131205
2131207
2131208
2131211
2131212
2131214
2131215
2131217
2131218
2131220
2131221
2131222
2131223
2131224
2131272
2131273
2131274
2131276
2131278
2131279
2131280
2131281
2131282
2131284
2131286
2131287
2131289
2131290
2131291
2131293
2131295
2131297
2131299
2131300
2131302
2131304
2131305
2131306
2131308
2131309
2131310
2131312
2131314
2131315
2131317
2131318
2131319
2131321
2131322
2131323
2131324
2131326
2131328
2131329
2131331
2131332
2131333
2131335
2131337
2131338
2131340
2131341
2131343
2131344
2131346
2131348
2131349
2131350
2131351
2131353
2131355
2131357
2131358
2131359
2131360
2131361
2131363
2131365
2131367
2131368
2131369
2131370
2131372
2131374
2131376
2131378
2131379
2131381
2131382
2131383
2131384
2131386
2131388
2131389
2131390
2131391
2131392
2131394
2131396
2131397
2131398
2131399
2131400
2131402
2131404
2131405
2131407
2131408
2131409
2131411
2131412
2131413
2131415
2131418
2131419
2131570
2131571
2131574
2131575
2131576
2131579
2131580
2131581
2131582
2131583
2131586
2131587
2131588
2131589
2131590
2131593
2131594
2131595
2131596
2131597
2131599
2131600
2131602
2131603
2131604
2131605
2131606
2131607
2131610
2131611
2131612
2131613
2131616
2131617
2131618
2131621
2131622
2131623
2131624
2131625
2131628
2131629
2131631
2131632
2131633
2131635
2131636
2131637
2131638
2131640
2131643
2131644
2131645
2131646
2131647
2131650
2131651
2131652
2131653
2131654
2131655
2131658
2131659
2131660
2131661
2131662
2131663
2131664
2131667
2131668
2131669
2131670
2131671
2131672
2131675
2131676
2131677
2131678
2131679
2131682
2131683
2131684
2131685
2131686
2131687
2131688
2131691
2131692
2131695
2131696
2131697
2131698
2131699
2131702
2131703
2131704
2131707
2131708
2131709
2131710
2131711
2131714
2131715
2131716
2131719
2131720
2131721
2131722
2131875
2131876
2131878
2131879
2131880
2131881
2131882
2131883
2131885
2131886
2131887
2131888
2131889
2131891
2131892
2131894
2131896
2131898
2131899
2131900
2131901
2131903
2131904
2131905
2131906
2131908
2131910
2131911
2131912
2131914
2131915
2131916
2131919
2131920
2131921
2131922
2131923
2131926
2131927
2131929
2131930
2131932
2131933
2131935
2131936
2131939
2131941
2131942
2131944
2131945
2131947
2131948
2131949
2131950
2131952
2131953
2131955
2131956
2131957
2131959
2131961
2131963
2131964
2131965
2131966
2131968
2131969
2131970
2131971
2131973
2131975
2131976
2131977
2131979
2131980
2131981
2131984
2131985
2131986
2131987
2131988
2131991
2131992
2131994
2131995
2131997
2131998
2132000
2132001
2132005
2132006
2132007
2132009
2132010
2132012
2132014
2132015
2132016
2132017
2132018
2132021
2132022
2132024
2132026
2132027
2132029
2132030
2132034
2132035
2132036
2132038
2132039
2132040
2132043
2132044
2132045
2132046
2132047
2132050
2132051
2132053
2132054
2132056
2132057
2132059
2132060
2132063
2132065
2132066
2132068
2132069
2132070
2132071
2132072
2132073
2132074
2132076
2132077
2132078
2132079
2132080
2132082
2132083
2132085
2132086
2132088
2132089
2132090
2132091
2132093
2132094
2132095
2132096
2132099
2132100
2132102
2132103
2132104
2132105
2132106
2132107
2132109
2132110
2132111
2132112
2132113
2132115
2132116
2132118
2132119
2132120
2132121
2132123
2132124
2132125
2132126
2132128
2132385
2132386
2132388
2132389
2132390
2132391
2132393
2132394
2132395
2132396
2132397
2132398
2132399
2132400
2132401
2132402
2132403
2132405
2132406
2132407
2132408
2132410
2132411
2132412
2132413
2132414
2132415
2132416
2132417
2132418
2132419
2132421
2132422
2132423
2132425
2132426
2132427
2132429
2132431
2132432
2132434
2132436
2132437
2132439
2132440
2132441
2132442
2132444
2132445
2132446
2132447
2132449
2132451
2132452
2132453
2132454
2132455
2132456
2132457
2132459
2132463
2132464
2132465
2132466
2132468
2132469
2132470
2132471
2132472
2132474
2132476
2132482
2132483
2132484
2132485
2132486
2132489
2132490
2132492
2132496
2132497
2132498
2132499
2132500
2132501
2132502
2132503
2132504
2132506
2132508
2132514
2132515
2132516
2132517
2132518
2132520
2132522
2132523
2132525
2132526
2132527
2132528
2132530
2132531
2132532
2132533
2132534
2132535
2132536
2132537
2132538
2132540
2132541
2132542
2132544
2132545
2132546
2132547
2132549
2132553
2132554
2132555
2132556
2132557
2132558
2132559
2132560
2132561
2132563
2132565
2132572
2132573
2132574
2132575
2132578
2132579
2132581
2132582
2132583
2132584
2132585
2132586
2132588
2132589
2132590
2132591
2132593
2132594
2132595
2132597
2132598
2132599
2132601
2132603
2132604
2132606
2132608
2132609
2132611
2132612
2132613
2132614
2132616
2132617
2132618
2132619
2132621
2132623
2132624
2132625
2132626
2132627
2132628
2132630
2132631
2132633
2132635
2132636
2132638
2132639
2132640
2132641
2132643
2132644
2132645
2132646
2132648
2132650
2132651
2132652
2132653
2132654
2132655
2132657
2132658
2132660
2132662
2132663
2132665
2132666
2132667
2132668
2132670
2132671
2132672
2132673
2132675
2132677
2132678
2132679
2132680
2132681
2132682
2132683
2132685
2132686
2132687
2132688
2132689
2132690
2132692
2132693
2132694
2132695
2132696
2132697
2132698
2132700
2132701
2132702
2132704
2132705
2132707
2132708
2132709
2132710
2132711
2132712
2132714
2132715
2132716
2132717
2132718
2132719
2132720
2132722
2132723
2132724
2132725
2132726
2132727
2132728
2132729
2132730
2132732
2132733
2132735
2132736
2132737
2132738
2132740
2132741
2132742
2132744
2132745
2132746
2132748
2132749
2132750
2132751
2132752
2132753
2132754
2132755
2132756
2132758
2132759
2132761
2132762
2132763
2132764
2132766
2132767
2132769
2132770
2132771
2132773
2132774
2132775
2132776
2132778
2132783
2132784
2132785
2132786
2132787
2132788
2132789
2132790
2132791
2132793
2132795
2132802
2132803
2132804
2132805
2132806
2132808
2132809
2133230
2133232
2133233
2133235
2133236
2133238
2133240
2133242
2133260
2133261
2133264
2133265
2133268
2133269
2133272
2133273
2133292
2133293
2133295
2133296
2133298
2133299
2133300
2133302
2133303
2133304
2133307
2133308
2133309
2133311
2133312
2133314
2133316
2133317
2133319
2133320
2133322
2133324
2133325
2133361
2133362
2133363
2133364
2133365
2133366
2133367
2133368
2133371
2133372
2133373
2133374
2133380
2133381
2133382
2133383
2133384
2133385
2133386
2133387
2133398
2133399
2133400
2133401
2133402
2133403
2133404
2133405
2133406
2133407
2133408
2133409
2133417
2133418
2133419
2133420
2133421
2133422
2133423
2133424
2133431
2133432
2133433
2133434
2133435
2133436
2133437
2133438
2133511
2133512
2133513
2133514
2133515
2133516
2133517
2133518
2133519
2133520
2133521
2133522
2133523
2133524
2133525
2133526
2133527
2133528
2133529
2133530
2133531
2133532
2133533
2133534
2133535
2133536
2133537
2133538
2133539
2133540
2133541
2133542
2133543
2133544
2133545
2133546
2133547
2133548
2133549
2133550
2133551
2133552
2133553
2133554
2133555
2133556
2133557
2133558
2133607
2133608
2133609
2133610
2133611
2133612
2133613
2133614
2133615
2133616
2133617
2133618
2133619
2133620
2133621
2133622
2133623
2133624
2133625
2133626
2133627
2133628
2133629
2133630
2133631
2133632
2133633
2133634
2133635
2133636
2133637
2133638
2133639
2133640
2133641
2133642
2133643
2133644
2133645
2133646
2133647
2133648
2133649
2133650
2133651
2133652
2133653
2133654
2133655
2133656
2133657
2133658
2133659
2133660
2133661
2133662
2133663
2133664
2133665
2133666
2133667
2133668
2133669
2133670
2133671
2133672
2133673
2133674
2133675
2133676
2133677
2133678
2133679
2133680
2133681
2133682
2133683
2133684
2133685
2133686
2133694
2133695
2133696
2133697
2133699
2133700
2133701
2133702
2133703
2133704
2133705
2133706
2133707
2133708
2133709
2133710
2133711
2133712
2133713
2133714
2133719
2133720
2133721
2133722
2133723
2133724
2133725
2133726
2133727
2133728
2133729
2133730
2133732
2133733
2133734
2133735
2133736
2133737
2133738
2133739
2133744
2133745
2133746
2133747
2133749
2133750
2133751
2133752
2133753
2133754
2133755
2133756
2133757
2133758
2133759
2133760
2133761
2133762
2133763
2133764
2133765
2133766
2133767
2133768
2133769
2133770
2133771
2133772
2133773
2133774
2133775
2133776
2133777
2133778
2133779
2133780
2133782
2133783
2133784
2133785
2133787
2133788
2133789
2133790
2133791
2133792
2133793
2133794
2133795
2133796
2133797
2133798
2133799
2133800
2133801
2133802
2133803
2133804
2133805
2133806
2133807
2133808
2133809
2133810
2133811
2133812
2133813
2133814
2133815
2133816
2133817
2133818
2133820
2133821
2133822
2133823
2133824
2133825
2133826
2133827
2133829
2133830
2133831
2133832
2133833
2133834
2133835
2133836
2133837
2133838
2133839
2133840
2133841
2133842
2133843
2133844
2133845
2133846
2133847
2133848
2133849
2133850
2133851
2133852
2133853
2133854
2133855
2133856
2133857
2133858
2133859
2133860
2133861
2133862
2133863
2133864
2133867
2133868
2133869
2133870
2133871
2133872
2133873
2133874
2133875
2133876
2133877
2133878
2133879
2133880
2133881
2133882
2133883
2133884
2133885
2133886
2133887
2133888
2133889
2133890
2133891
2133892
2133893
2133894
2133895
2133896
2133897
2133898
2133899
2133900
2133901
2133902
2133905
2133906
2133907
2133908
2133909
2133910
2133911
2133912
2133917
2133918
2133919
2133920
2133921
2133922
2133923
2133924
2133925
2133926
2133927
2133928
2133929
2133930
2133931
2133932
2133933
2133934
2133935
2133936
2133937
2133938
2133939
2133940
2133942
2133943
2133944
2133945
2133946
2133947
2133948
2133949
2133950
2133951
2133952
2133953
2133954
2133955
2133956
2133957
2134305
2134306
2134308
2134309
2134310
2134311
2134312
2134313
2134314
2134315
2134316
2134317
2134318
2134319
2134320
2134321
2134322
2134324
2134325
2134326
2134327
2134328
2134329
2134330
2134331
2134332
2134333
2134334
2134335
2134337
2134338
2134340
2134341
2134342
2134343
2134346
2134347
2134348
2134350
2134351
2134352
2134353
2134354
2134356
2134357
2134358
2134359
2134360
2134361
2134362
2134363
2134364
2134365
2134366
2134367
2134368
2134369
2134370
2134371
2134372
2134373
2134374
2134375
2134376
2134377
2134378
2134379
2134381
2134383
2134462
2134463
2134464
2134465
2134466
2134467
2134468
2134469
2134470
2134471
2134472
2134473
2134474
2134475
2134476
2134477
2134478
2134479
2134480
2134481
2134482
2134483
2134484
2134485
2134486
2134487
2134489
2134490
2134491
2134492
2134493
2134494
2134495
2134499
2134500
2134501
2134502
2134503
2134504
2134505
2134506
2134507
2134508
2134509
2134510
2134511
2134512
2134513
2134514
2134515
2134516
2134517
2134519
2134520
2134521
2134522
2134523
2134524
2134525
2134530
2134531
2134532
2134533
2134534
2134535
2134536
2134537
2134538
2134539
2134540
2134541
2134542
2134543
2134544
2134545
2134546
2134547
2134548
2134549
2134550
2134551
2134552
2134553
2134554
2134555
2134556
2134557
2134558
2134559
2134560
2134562
2134563
2134564
2134565
2134566
2134567
2134568
2134569
2134570
2134571
2134572
2134573
2134574
2134575
2134576
2134577
2134578
2134579
2134580
2134581
2134582
2134583
2134584
2134585
2134586
2134589
2134590
2134591
2134592
2134593
2134594
2134595
2134596
2134597
2134598
2134599
2134600
2134601
2134602
2134603
2134604
2134605
2134606
2134607
2134608
2134609
2134610
2134611
2134612
2134613
2134614
2134615
2134616
2134617
2134618
2134785
2134786
2134788
2134790
2134800
2134801
2134802
2134803
2134804
2134805
2134806
2134807
2134808
2134809
2134810
2134811
2134812
2134813
2134814
2134815
2134816
2134817
2134818
2134819
2134820
2134821
2134822
2134823
2134848
2134849
2134850
2134851
2134852
2134853
2134854
2134855
2134856
2134857
2134858
2134859
2134860
2134861
2134862
2134863
2134864
2134865
2134866
2134867
2134868
2134869
2134870
2134871
2134896
2134897
2134898
2134899
2134900
2134901
2134902
2134903
2134904
2134905
2134906
2134907
2134908
2134910
2134911
2134912
2134913
2134914
2134915
2134918
2134919
2134920
2134921
2134922
2134923
2134924
2134925
2134926
2134927
2134928
2134929
2134930
2134931
2134934
2134935
2134936
2134937
2134938
2134939
2134940
2134942
2134943
2134944
2134945
2134946
2134947
2134948
2134949
2134950
2134951
2134952
2134953
2135015
2135016
2135017
2135018
2135019
2135020
2135021
2135022
2135023
2135024
2135025
2135026
2135027
2135028
2135029
2135030
2135031
2135032
2135033
2135034
2135035
2135036
2135037
2135038
2135039
2135040
2135041
2135042
2135043
2135044
2135045
2135046
2135047
2135049
2135050
2135051
2135052
2135053
2135054
2135055
2135056
2135057
2135059
2135060
2135061
2135062
2135063
2135064
2135065
2135066
2135067
2135068
2135069
2135070
2135071
2135072
2135073
2135075
2135076
2135077
2135078
2135079
2135080
2135081
2135082
2135083
2135084
2135085
2135086
2135087
2135088
2135089
2135090
2135091
2135092
2135093
2135094
2135095
2135096
2135097
2135098
2135099
2135100
2135101
2135102
2135103
2135104
2135105
2135106
2135107
2135108
2135109
2135110
2135111
2135112
2135113
2135114
2135115
2135116
2135117
2135118
2135119
2135120
2135121
2135122
2135123
2135124
2135125
2135126
2135127
2135128
2135129
2135130
2135131
2135132
2135133
2135134
2135135
2135136
2135137
2135138
2135139
2135140
2135141
2135142
2135143
2135144
2135145
2135146
2135147
2135148
2135149
2135150
2135296
2135297
2135385
2135387
2135388
2135410
2135411
2135412
2135413
2135414
2135415
2135418
2135419
2135420
2135421
2135422
2135423
2135424
2135425
2135426
2135429
2135430
2135431
2135432
2135433
2135434
2135437
2135438
2135439
2135489
2135490
2135491
2135492
2135493
2135494
2135495
2135496
2135497
2135498
2135499
2135500
2135501
2135502
2135503
2135504
2135505
2135506
2135507
2135508
2135509
2135510
2135511
2135512
2135562
2135566
2135567
2169708
2169709
2169710
2169711
2169712
2169713
2169714
2169715
2169716
2169717
2169718
2169719
2169720
2169721
2169722
2169723
2169724
2169725
2169726
2169727
2169728
2169729
2169730
2169731
2169732
2169733
2169734
2169735
2169736
2169737
2169738
2169739
2169740
2169741
2169742
2169743
2169744
2169745
2169746
2169747
2169748
2169749
2169750
2169751
2169752
2169753
2169754
2169755
2169756
2169757
2169758
2169759
2169760
2169761
2169762
2169763
2169764
2169765
2169766
2169767
2169768
2169769
2169770
2169771
2169772
2169773
2169774
2169775
2169776
2169777
2169778
2169779
2169780
2169781
2169782
2169783
2169784
2169785
2169786
2169787
2169788
2169789
2169790
2169791
2169792
2169793
2169794
2169795
2169798
2169799
2169800
2169801
2169802
2169803
2169804
2169805
2169806
2169807
2169808
2169809
2169810
2169811
2169812
2169813
2169814
2169815
2169816
2169817
2169818
2169819
2169820
2169821
2169822
2169823
2169824
2169825
2169826
2169827
2169828
2169829
2169830
2169831
2169832
2169833
2169834
2169835
2169836
2169837
2169838
2169839
2169840
2169841
2169842
2169843
2169844
2169845
2169846
2169847
2169848
2169849
2169850
2169851
2169852
2169853
2169854
2169855
2169856
2169857
2169858
2169859
2169860
2169861
2169862
2169863
2169864
2169865
2169866
2169867
2169868
2169869
2169870
2169871
2169872
2169873
2169874
2169875
2169876
2169877
2169878
2169879
2169880
2169881
2169882
2169883
2169884
2169885
2169886
2169887
2169888
2169889
2169890
2169891
2169892
2169893
2169894
2169895
2169896
2169897
2169898
2169899
2169900
2169901
2169902
2169903
2169904
2169905
2169906
2169907
2169908
2169909
2169910
2169911
2169912
2169913
2169914
2169915
2169916
2169917
2169918
2169919
2169920
2169921
2169922
2169923
2169924
2169925
2169926
2169927
2169928
2169929
2169930
2169931
2169932
2169933
2169934
2169935
2169936
2169937
2169944
2169945
2169946
2169947
2169948
2169949
2169950
2169951
2169952
2169953
2169954
2169955
2169956
2169957
2169958
2169959
2169960
2169961
2169962
2169963
2169964
2169965
2169966
2169967
2169968
2169969
2169970
2169971
2169972
2169973
2169974
2169975
2169976
2169977
2169978
2169979
2169980
2169981
2169982
2169983
2169984
2169985
2179115
2179116
2179117
2179118
2179119
2179120
2179121
2179135
2179136
2179137
2179138
2179139
2179140
2179141
2179142
2179143
2179144
2179151
2179152
2179153
2179154
2179155
2179156
2179157
2179158
2179164
2179165
2179166
2179167
2179168
2179169
2179170
2179201
2179202
2179203
2179215
2179216
2179217
2179218
2179219
2179220
2179221
2179222
2179223
2179224
2179225
2179226
2179227
2179228
2179229
2179230
2179231
2179232
2179233
2179234
2179235
2179236
2179237
2179238
2179239
2179240
2179241
2179242
2179243
2179244
2179245
2179246
2179247
2179248
2179249
2179250
2179251
2179252
2179253
2179254
2179255
2179256
2179257
2179258
2179259
2179260
2179261
2179262
2179263
2179264
2179265
2179266
2179267
2179268
2179269
2179270
2179271
2179272
2179273
2179274
2179275
2179276
2179277
2179278
2179279
2179280
2179281
2179282
2179283
2179284
2179285
2179286
2179287
2179319
2179320
2179321
2179322
2179323
2179324
2179325
2179326
2179327
2179328
2179329
2179330
2179331
2179332
2179333
2179334
2179335
2179336
2179337
2179338
2179339
2179340
2179341
2179342
2179343
2179344
2179345
2179346
2179347
2179348
2179349
2179350
2179351
2179352
2179353
2179354
2179355
2179356
2179357
2179358
2179359
2179360
2179361
2179362
2179363
2179364
2179365
2179366
2179367
2179368
2179369
2179370
2179371
2179372
2179373
2179374
2179375
2179376
2179377
2179378
2179379
2179380
2179381
2179382
2179383
2179384
2179385
2179386
2179387
2179388
2179389
2179390
2179391
2179392
2179393
2179394
2179395
2179396
2179397
2179398
2179399
2179400
2179401
2179402
2179403
2179404
2179405
2179406
2179407
2179408
2179409
2179410
2179411
2179432
2179433
2179434
2179435
2179436
2179437
2179438
2179453
2179454
2179455
2179456
2179457
2179458
2179459
2179460
2179461
2179462
2179463
2179464
2179465
2179466
2179467
2179468
2179469
2179470
2179471
2179472
2179473
2179474
2179475
2179476
2179477
2179478
2179479
2179480
2179481
2179482
2179483
2179484
2179485
2179486
2179487
2179488
2179489
2179490
2179491
2179492
2179493
2179494
2179495
2179496
2179497
2179498
2179499
2179500
2179501
2179502
2179503
2179504
2179505
2179506
2179507
2179508
2179509
2179510
2179511
2179512
2179513
2179514
2179515
2179516
2179517
2179518
2179519
2179520
2179521
2179522
2179523
2179524
2179525
2179526
2179527
2179528
2179529
2179530
2179531
2179532
2179533
2179534
2179535
2179536
2179537
2179538
2179539
2179540
2179541
2179542
2179543
2179544
2179545
2179546
2179547
2179548
2179549
2179550
2179551
2179552
2179579
2179580
2179581
2179582
2179583
2179584
2179585
2179586
2179594
2179595
2179596
2179597
2179598
2179599
2179600
2179601
2179602
2179603
2179604
2179605
2179606
2179607
2179608
2179609
2179610
2179611
2179612
2179613
2179614
2179615
2179616
2179617
2179618
2179619
2179620
2179621
2179622
2179623
2179624
2179625
2179626
2179627
2179628
2179629
2179630
2179631
2179632
2179633
2179634
2179635
2179636
2179637
2179638
2179639
2179640
2179641
2179642
2179643
2179644
2179645
2179646
2179647
2179648
2179649
2179650
2179651
2179652
2179653
2179654
2179655
2179656
2179657
2179658
2179659
2179660
2179661
2179662
2179663
2179664
2179665
2179666
2179667
2179668
2179669
2179670
2179671
2179672
2179673
2179674
2179675
2179676
2179677
2179678
2179679
2179680
2179681
2179682
2179683
2179684
2179685
2179686
2179687
2179688
2179689
2179692
2179693
2179694
2179695
2179712
2179713
2179714
2179715
2179718
2179719
2179720
2179721
2179728
2179729
2179730
2179731
2179732
2179733
2179734
2179735
2179736
2179737
2179738
2179739
2179740
2179741
2179742
2179743
2179744
2179745
2179746
2179747
2179748
2179749
2179750
2179751
2179752
2179753
2179754
2179755
2179756
2179757
2179758
2179759
2179760
2179761
2179762
2179763
2179764
2179765
2179766
2179767
2179768
2179769
2179770
2179771
2179772
2179773
2179774
2179775
2179776
2179777
2179778
2179779
2179780
2179781
2179782
2179783
2179784
2179785
2179786
2179787
2179788
2179789
2179790
2179791
2179792
2179793
2179794
2179795
2179796
2179797
2179798
2179799
2179800
2179801
2179802
2179803
2179804
2179805
2179806
2179807
2179808
2179809
2179810
2179811
2179812
2179813
2179814
2179815
2179816
2179817
2179818
2179819
2179820
2179821
2179822
2179823
2179824
2179825
2179826
2179827
2179838
2179839
2179840
2179841
2179842
2179843
2179844
2179860
2179861
2179862
2179863
2179864
2179865
2179866
2179867
2179868
2179869
2179870
2179871
2179872
2179873
2179874
2179875
2179876
2179877
2179878
2179879
2179880
2179881
2179882
2179883
2179884
2179885
2179886
2179887
2179888
2179889
2179890
2179891
2179892
2179893
2179894
2179895
2179896
2179897
2179898
2179899
2179900
2179901
2179902
2179903
2179904
2179905
2179906
2179907
2179908
2179909
2179910
2179911
2179912
2179913
2179914
2179915
2179916
2179917
2179918
2179919
2179920
2179921
2179922
2179923
2179924
2179925
2179926
2179927
2179928
2179929
2179930
2179931
2179932
2179933
2179934
2179935
2179936
2179937
2179938
2179939
2179940
2179941
2179942
2179943
2179944
2179945
2179946
2179947
2179948
2179949
2179950
2179951
2179952
2179953
2179954
2179955
2179956
2179957
2179958
2179995
2179996
2179997
2179998
2179999
2180000
2180001
2180002
2180003
2180004
2180005
2180006
2180007
2180008
2180009
2180010
2180011
2180012
2180013
2180014
2180015
2180016
2180017
2180018
2180019
2180020
2180021
2180022
2180023
2180024
2180025
2180026
2180027
2180028
2180029
2180030
2180031
2180032
2180033
2180034
2180035
2180036
2180037
2180038
2180039
2180040
2180041
2180042
2180043
2180044
2180045
2180046
2180047
2180048
2180049
2180050
2180051
2180052
2180053
2180054
2180055
2180056
2180057
2180058
2180059
2180060
2180061
2180062
2180063
2180064
2180065
2180066
2180067
2180068
2180069
2180070
2180071
2180072
2180073
2180074
2180075
2180076
2180077
2180078
2180079
2180080
2180081
2180082
2180083
2180084
2180094
2180095
2180096
2180104
2180105
2180106
2180107
2180108
2180109
2180110
2180111
2180112
2180113
2180114
2180115
2180116
2180117
2180118
2180119
2180120
2180121
2180122
2180123
2180124
2180125
2180126
2180127
2180128
2180129
2180130
2180131
2180132
2180133
2180134
2180135
2180136
2180137
2180138
2180139
2180140
2180141
2180142
2180143
2180144
2180145
2180146
2180147
2180148
2180149
2180150
2180151
2180152
2180153
2180154
2180155
2180156
2180157
2180158
2180159
2180160
2180161
2180162
2180163
2180164
2180165
2180166
2180167
2180168
2180169
2180170
2180171
2180190
2180191
2180192
2180193
2180206
2180207
2180208
2180209
2180212
2180213
2180220
2180221
2180222
2180223
2180224
2180225
2180233
2180234
2180235
2230051
2230056
2230057
2230058
2230059
2230070
2230074
2230075
2230076
2230077
2230078
2230088
2230093
2230099
2230109
2230114
2230119
2230120
2230121
2230122
2230123
2230124
2230125
2230126
2230127
2230279
2230280
2230281
2230282
2230283
2230284
2230285
2230286
2230287
2230288
2230289
2230290
2230291
2230292
2230293
2230294
2230295
2230296
2230297
2230298
2230299
2230300
2230301
2230302
2230309
2230310
2230311
2230312
2230317
2230318
2230319
2230320
2230321
2230322
2230323
2230324
2230325
2230326
2230327
2230328
2230329
2230330
2230331
2230332
2230333
2230334
2230335
2230336
2230337
2230338
2230358
2230359
2230360
2230361
2230362
2230363
2230365
2230366
2230367
2230368
2230375
2230376
2230377
2230378
2230379
2230380
2230381
2230382
2230383
2230384
2230385
2230386
2230387
2230388
2230389
2230390
2230391
2230392
2230393
2230394
2230395
2230396
2230397
2230398
2230399
2230400
2230401
2230402
2230403
2230404
2230405
2230406
2230407
2230408
2230409
2230410
2230411
2230412
2230413
2230414
2230415
2230416
2230417
2230418
2230419
2230420
2230421
2230422
2230423
2230424
2230425
2230426
2230427
2230428
2230429
2230430
2230444
2230445
2230448
2230449
2230452
2230459
2230460
2230461
2230467
2230468
2230469
2230475
2230476
2230480
2230481
2230482
2230483
2230497
2230498
2230499
2230500
2230501
2230502
2230503
2230504
2230505
2230506
2230507
2230508
2230509
2230510
2230511
2230512
2230513
2230514
2230515
2230516
2230517
2230518
2230519
2230520
2230521
2230522
2230523
2230524
2230525
2230526
2230527
2230528
2230529
2230530
2230531
2230532
2230533
2230534
2230535
2230536
2230537
2230538
2230539
2230540
2230541
2230542
2230543
2230544
2230545
2230546
2230552
2230555
2230556
2230557
2230558
2230560
2230561
2230562
2230563
2230564
2230565
2230566
2230567
2230568
2230569
2230570
2230571
2230572
2230573
2230574
2230866
2230888
2230922
2230984
2230985
2230988
2230990
2230998
2230999
2231000
2231047
2231127
2231128
2231131
2231132
2231134
2231135
2231138
2231139
2231140
2231143
2231144
2231146
2231147
2231148
2231150
2231151
2231154
2231155
2231158
2231162
2231163
2231166
2231167
2231168
2231171
2231172
2231174
2231175
2231178
2231179
2231182
2231183
2231186
2231187
2231189
2231190
2231193
2231194
2231195
2231265
2231268
2231274
2231279
2231283
2231285
2231293
2231296
2231300
2231306
2231308
2231314
2231316
2231323
2231328
2231333
2231420
2231422
2231424
2231426
2231427
2231430
2231431
2231433
2231434
2231435
2231436
2231437
2231438
2231442
2231444
2231446
2231448
2231449
2231452
2231453
2231454
2231455
2231456
2231457
2231458
2231459
2231461
2231462
2231464
2231466
2231467
2231469
2231471
2231472
2231474
2231475
2231476
2231477
2231478
2231479
2231481
2231483
2231485
2231487
2231489
2231491
2231493
2231495
2231497
2231577
2231601
2231636
2231638
2231640
2231641
2231655
2231657
2231658
2231662
2231665
2231666
2231670
2231671
2231672
2231673
2231674
2231679
2231680
2231682
2231683
2231714
2231718
2231719
2231722
2231724
2231725
2231728
2231729
2231732
2231733
2231736
2231738
2231739
2231742
2231745
2231747
2231751
2231756
2231758
2231759
2231762
2231764
2231765
2231766
2231769
2231772
2231773
2231842
2231844
2231847
2231850
2231852
2231855
2231856
2231858
2231859
2231860
2231862
2231866
2231868
2231874
2231876
2231921
2231925
2231926
2231929
2231930
2231931
2231937
2231939
2231942
2231946
2231948
2231952
2231953
2231955
2231960
2231961
2231964
2231965
2231966
2231970
2231974
2231981
2231982
2231986
2231987
2231991
2231992
2231996
2231998
2231999
2232000
2232002
2232004
2232005
2232102
2232104
2232106
2232126
2232127
2232128
2232129
2232130
2232131
2232132
2232133
2232134
2232135
2232136
2232137
2232138
2232139
2232140
2232141
2232142
2232143
2232144
2232145
2232146
2232147
2232148
2232149
2232150
2232151
2232152
2232153
2232154
2232155
2232156
2232157
2232158
2232159
2232160
2232161
2232162
2232163
2232164
2232165
2232166
2232167
2232173
2232174
2232175
2232176
2232177
2232178
2232179
2232180
2232181
2232182
2232183
2232184
2232187
2232188
2232189
2232190
2232191
2232192
2232193
2232194
2232196
2232197
2232198
2232199
2232201
2232202
2232203
2232204
2232205
2232206
2232207
2232208
2232209
2232210
2232211
2232212
2232213
2232214
2232215
2232216
2232217
2232218
2232219
2232220
2232222
2232223
2232224
2232225
2232227
2232228
2232229
2232230
2232231
2232232
2232233
2232234
2232235
2232236
2232237
2232238
2232240
2232241
2232242
2232243
2232244
2232245
2232246
2232247
2232249
2232250
2232251
2232252
2232253
2232254
2232255
2232256
2232257
2232258
2232259
2232260
2232262
2232263
2232264
2232265
2232267
2232268
2232269
2232270
2232271
2232272
2232273
2232274
2232275
2232276
2232278
2232279
2232280
2232281
2232282
2232283
2232284
2232285
2232286
2232287
2232288
2232289
2232290
2232291
2232292
2232293
2232296
2232297
2232298
2232299
2232300
2232301
2232302
2232303
2232304
2232305
2232306
2232307
2232308
2232309
2232310
2232311
2232496
2232499
2232501
2232508
2232509
2232510
2232511
2232512
2232513
2232514
2232515
2232518
2232519
2232520
2232521
2232522
2232523
2232524
2232526
2232527
2232528
2232531
2232532
2232533
2232534
2232536
2232537
2232538
2232539
2232540
2232541
2232542
2232543
2232544
2232546
2232547
2232548
2232549
2232605
2232607
2232654
2232656
2232658
2232670
2232751
2232753
2232754
2232755
2232786
2232792
2232793
2232794
2232795
2232796
2232797
2232798
2232799
2232800
2232801
2232802
2232803
2041829
2041830
2041831
2041834
2041835
2041837
2041838
2041839
2041840
2041841
2041842
2041843
2041844
2041845
2041846
2041847
2041848
2041849
2041850
2041851
2041852
2041853
2041854
2041855
2041856
2041857
2041858
2041860
2041861
2041864
2041865
2041866
2041867
2041868
2041869
2041870
2041871
2041872
2041873
2041874
2041875
2041876
2041877
2041878
2041879
2041880
2041881
2041882
2041883
2041884
2041885
2041886
2041887
2041888
2041889
2041890
2041891
2041892
2041893
2041894
2041895
2041896
2041897
2041898
2041899
2041900
2041901
2041902
2041903
2041904
2041905
2041906
2041907
2041908
2041909
2041910
2041911
2041912
2041913
2041914
2041915
2041916
2041917
2041918
2041919
2041920
2041921
2041922
2041923
2041924
2041925
2041926
2041927
2041928
2041929
2041930
2041931
2041932
2041933
2041934
2041935
2041936
2041937
2041938
2041939
2041940
2041941
2041942
2041943
2041944
2041945
2041946
2041947
2041948
2041949
2041950
2041951
2041952
2041953
2041954
2041955
2041956
2041957
2041958
2041959
2041960
2041961
2041962
2041963
2041964
2041965
2041966
2041967
2041969
2041970
2041971
2041972
2041973
2041974
2041975
2041976
2041977
2041978
2041979
2041980
2041981
2041982
2041983
2041984
2041985
2041986
2041987
2041988
2041989
2041990
2041991
2041992
2041993
2041994
2041995
2041996
2041997
2041998
2041999
2042000
2042001
2042002
2042003
2042004
2042005
2042006
2042007
2042008
2042009
2042010
2042011
2042012
2042013
2042014
2042015
2042016
2042017
2042018
2042019
2042020
2042021
2042022
2042023
2042024
2042025
2042026
2042027
2042028
2042029
2042030
2042031
2042032
2042033
2042034
2042035
2042036
2042037
2042038
2042039
2042040
2042041
2042042
2042043
2042044
2042045
2042046
2042047
2042048
2042049
2042050
2042051
2042052
2042053
2042054
2042055
2042056
2042057
2042058
2042059
2042060
2042061
2042062
2042063
2042064
2042065
2042066
2042067
2042068
2042069
2042070
2042071
2042072
2042073
2042074
2042075
2042076
2042077
2042078
2042079
2042080
2042081
2042082
2042083
2042084
2042085
2042086
2042087
2042088
2042089
2042090
2042091
2042092
2042093
2042094
2042095
2042096
2042097
2042098
2042099
2042100
2042101
2042102
2042103
2042104
2042105
2042106
2042107
2042108
2042109
2042110
2042111
2042112
2042113
2042114
2042115
2042116
2042117
2042118
2042119
2042120
2042121
2044496
2044497
2044499
2044500
2044501
2044502
2044503
2044504
2044505
2044507
2044510
2044511
2044512
2044513
2044514
2044515
2044516
2044517
2044518
2044520
2044521
2044522
2044523
2044524
2044525
2044526
2044527
2044528
2044529
2044530
2044531
2044532
2044533
2044534
2044535
2044536
2044539
2044540
2044543
2044544
2044545
2044546
2044547
2044552
2044553
2044554
2044555
2044556
2044557
2044558
2044559
2044560
2044561
2044562
2044563
2044564
2044565
2044566
2044567
2044568
2044569
2044570
2044571
2044572
2044573
2044574
2044575
2044576
2044577
2044578
2044579
2044580
2044581
2044582
2044583
2044584
2044585
2044586
2044587
2044588
2044589
2044590
2044591
2044592
2044593
2044594
2044595
2044596
2044597
2044598
2044599
2044600
2044601
2044602
2044603
2044604
2044605
2044606
2044607
2044608
2044609
2044610
2044611
2044612
2044614
2044615
2044616
2044617
2044618
2044619
2044620
2044621
2044622
2044623
2044624
2044625
2044626
2044627
2044633
2044634
2044636
2044637
2044638
2044639
2044640
2044641
2044642
2044643
2044644
2044645
2044646
2044647
2044648
2044649
2044650
2044651
2044652
2044653
2044654
2044655
2044656
2044657
2044658
2044659
2044660
2044661
2044662
2044663
2044664
2044665
2044666
2044667
2044668
2044669
2044670
2044671
2044672
2044673
2044674
2044675
2044676
2044677
2044678
2044679
2044680
2044681
2044682
2044683
2044684
2044685
2044686
2044687
2044688
2044689
2044690
2044691
2044692
2044693
2044694
2044695
2044696
2044697
2044698
2044699
2044700
2044701
2044702
2044703
2044704
2044705
2044706
2044707
2044708
2044709
2044710
2044711
2044712
2044713
2044714
2044715
2044716
2044717
2044718
2044719
2044720
2044722
2044723
2044724
2044725
2044726
2044727
2044728
2044729
2044730
2044731
2044733
2044734
2044737
2044738
2044739
2044740
2044741
2044742
2044743
2044744
2044747
2044748
2044749
2044750
2044751
2044752
2044753
2044754
2044755
2044756
2044757
2044758
2044759
2044760
2044761
2044762
2044763
2044764
2044765
2044766
2044767
2044768
2044769
2044770
2044771
2044772
2044773
2044774
2044775
2044776
2044777
2044778
2044779
2044780
2044781
2044782
2044783
2044784
2044785
2044786
2044787
2044788
2044789
2044790
2044791
2044792
2044793
2044794
2044795
2044796
2044797
2044798
2044799
2044800
2044801
2044802
2044803
2044804
2044805
2044806
2044807
2044808
2044809
2044810
2044811
2044812
2044813
2044814
2044815
2044816
2044817
2044818
2044819
2044820
2044821
2044822
2044823
2044824
2044825
2044826
2044827
2044828
2044829
2044830
2044831
2044832
2044833
2044834
2044835
2044836
2044837
2044838
2044839
2044840
2044841
2044842
2044843
2044844
2044845
2044846
2044847
2044849
2044850
2044851
2044852
2044853
2044855
2044856
2044857
2044858
2044859
2044860
2044861
2044862
2044863
2044864
2044865
2044866
2044867
2044868
2044869
2044870
2044871
2044872
2044873
2044874
2044875
2044876
2044877
2044878
2044879
2044880
2044881
2044882
2044883
2044884
2044885
2044886
2044887
2044888
2044889
2044890
2044891
2044892
2044893
2044894
2044895
2044896
2044897
2044898
2044899
2044900
2044901
2044902
2044903
2044904
2044905
2044906
2044907
2044908
2044909
2044910
2044911
2044912
2044913
2044914
2044915
2044916
2044917
2044918
2044919
2044920
2044921
2044922
2044923
2044924
2044925
2044926
2044927
2044928
2044929
2044930
2044931
2044932
2044933
2044934
2044935
2044936
2044937
2044938
2044939
2044940
2044941
2044942
2044943
2044944
2044945
2044946
2044947
2044948
2044949
2044950
2044951
2044952
2044953
2044954
2044955
2044956
2044957
2044958
2044959
2044960
2044961
2044962
2044964
2044968
2044969
2044970
2044971
2044972
2044973
2044974
2044975
2044976
2044977
2044978
2044979
2044980
2044981
2044982
2044983
2044984
2044985
2044986
2044987
2044988
2044989
2044990
2044991
2044992
2044993
2044994
2044995
2044996
2044997
2044998
2044999
2045000
2045001
2045002
2045003
2045004
2045005
2045006
2045007
2045008
2045009
2045010
2045011
2045012
2045013
2045014
2045015
2045016
2045017
2045018
2045019
2045020
2045021
2045022
2045023
2045024
2045025
2045026
2045027
2045028
2045029
2045030
2045031
2045032
2045033
2045034
2045035
2045036
2045037
2045038
2045039
2045040
2045041
2045042
2045043
2045044
2045045
2045046
2045047
2045048
2045049
2045050
2045051
2045052
2045053
2045054
2045055
2045056
2045057
2045058
2045059
2045060
2045061
2045062
2045063
2045064
2045065
2045066
2045067
2045068
2045069
2045070
2045071
2045072
2045073
2045074
2045076
2045077
2045078
2045079
2045080
2045081
2045082
2045086
2045087
2045088
2045089
2045090
2045091
2045092
2045095
2045096
2045097
2045098
2045099
2045100
2045101
2045102
2045103
2045104
2045105
2045106
2045107
2045108
2045109
2045110
2045111
2045112
2045113
2045114
2045115
2045116
2045117
2045118
2045119
2045120
2045121
2045122
2045123
2045124
2045125
2045126
2045127
2045128
2045129
2045130
2045131
2045132
2045133
2045134
2045135
2045136
2045137
2045138
2045139
2045140
2045141
2045142
2045143
2045144
2045145
2045146
2045147
2045148
2045149
2045150
2045151
2045152
2045153
2045154
2045155
2045156
2045157
2045158
2045159
2045160
2045161
2045162
2045163
2045164
2045165
2045166
2045167
2045168
2045169
2045170
2045171
2045172
2045173
2045174
2045175
2045176
2045177
2045178
2045179
2045180
2045181
2045182
2045183
2045184
2045185
2045186
2045187
2045188
2045189
2045190
2045191
2045192
2045193
2045194
2045197
2045198
2045200
2045201
2045202
2045203
2045204
2045206
2045207
2045208
2045209
2045210
2045211
2045212
2045213
2045214
2045215
2045216
2045217
2045218
2045219
2045220
2045221
2045222
2045223
2045224
2045225
2045226
2045227
2045228
2045229
2045230
2045231
2045232
2045233
2045234
2045235
2045236
2045237
2045238
2045239
2045240
2045241
2045242
2045243
2045244
2045245
2045246
2045247
2045248
2045249
2045250
2045251
2045252
2045253
2045254
2045255
2045256
2045257
2045258
2045259
2045260
2045261
2045262
2045263
2045264
2045265
2045266
2045267
2045268
2045269
2045270
2045271
2045272
2045273
2045274
2045275
2045276
2045277
2045278
2045279
2045280
2045281
2045282
2045283
2045284
2045285
2045286
2045287
2045288
2045289
2045290
2045291
2045292
2045295
2045296
2045300
2045301
2045302
2045304
2045311
2045312
2045313
2045314
2045315
2045317
2045318
2045319
2045320
2045321
2045322
2045324
2045325
2045326
2045327
2045328
2045329
2045330
2045331
2045332
2045333
2045334
2045335
2045336
2045337
2045338
2045339
2045340
2045341
2045342
2045343
2045344
2045345
2045346
2045347
2045348
2045349
2045350
2045351
2045352
2045353
2045354
2045355
2045356
2045357
2045358
2045359
2045360
2045361
2045362
2045363
2045364
2045365
2045366
2045367
2045368
2045369
2045370
2045371
2045372
2045373
2045374
2045375
2045376
2045377
2045378
2045379
2045380
2045382
2045383
2045385
2045387
2045395
2045396
2045399
2045400
2045401
2045402
2045404
2045405
2045406
2045407
2045408
2045409
2045410
2045412
2045417
2045418
2045419
2045420
2045421
2045423
2045425
2045426
2045431
2045432
2045433
2065574
2065575
2065576
2065577
2065578
2065581
2065582
2065584
2065585
2065586
2065587
2065588
2065589
2065590
2065591
2065592
2065593
2065594
2065595
2065596
2065597
2065598
2065599
2065600
2065601
2065602
2065603
2065604
2065605
2065606
2065607
2065608
2065609
2065610
2065611
2065612
2065613
2065614
2065615
2065616
2065617
2065618
2065619
2065620
2065621
2065622
2065623
2065624
2065625
2065626
2065627
2065628
2065629
2065630
2065631
2065634
2065635
2065636
2065637
2065638
2065639
2065640
2065641
2065642
2065643
2065644
2065645
2065646
2065647
2065648
2065649
2065650
2065651
2065652
2065653
2065654
2065655
2065656
2065657
2065658
2065659
2065660
2065661
2065662
2065663
2065664
2065665
2065666
2065667
2065668
2065669
2065670
2065671
2065672
2065673
2065674
2065675
2065676
2065677
2065678
2065679
2065680
2065681
2065682
2065683
2065684
2065685
2065686
2065687
2065688
2065689
2065690
2065691
2065692
2065693
2065694
2065695
2065696
2065697
2065698
2065699
2065700
2065701
2065702
2065703
2065704
2065705
2065706
2065707
2065708
2065709
2065710
2065711
2065712
2065713
2065714
2065715
2065716
2065717
2065718
2065719
2065720
2065721
2065722
2065723
2065724
2065725
2065726
2065727
2065728
2065729
2065730
2065731
2065732
2065733
2065734
2065735
2065736
2065737
2065738
2065739
2065740
2065741
2065742
2065743
2065744
2065745
2065746
2065747
2065748
2065749
2065750
2065751
2065752
2065753
2065754
2065755
2065756
2065757
2065758
2065759
2065760
2065761
2065762
2065763
2065764
2065765
2065766
2065767
2065768
2065769
2065770
2065771
2065772
2065773
2065774
2065775
2065776
2065777
2065778
2065779
2065780
2065781
2065782
2065783
2065784
2065785
2065786
2065787
2065788
2065789
2065790
2065791
2065792
2065793
2065794
2065795
2065796
2065797
2065798
2065799
2065800
2065801
2065802
2065803
2065804
2065805
2065806
2065807
2065808
2065809
2065810
2065811
2065812
2065813
2065814
2065815
2065816
2065817
2065818
2065819
2065820
2065821
2065822
2065823
2065824
2065825
2065826
2065827
2065828
2065829
2065830
2065831
2065832
2065833
2065834
2065835
2065836
2065837
2065838
2065839
2065840
2065841
2065842
2065843
2065844
2065845
2065846
2065847
2065848
2065850
2065851
2065852
2065854
2065855
2065856
2065857
2065858
2065859
2065860
2065861
2065862
2065863
2065864
2065865
2065866
2065867
2065868
2065869
2065870
2065871
2065872
2065873
2065874
2065875
2065876
2065877
2065878
2065879
2065880
2065881
2065882
2065883
2065884
2065885
2065886
2065887
2065888
2065889
2065890
2065891
2065892
2065893
2065894
2065895
2065896
2065897
2065898
2065899
2065900
2065901
2065902
2065903
2065904
2065905
2065906
2065907
2065908
2065909
2065910
2065911
2065912
2065913
2065914
2065915
2065916
2065917
2065918
2065919
2065920
2065921
2065922
2065923
2065924
2065925
2065927
2065928
2065929
2065930
2065931
2065932
2065933
2065934
2065935
2065936
2065937
2065938
2065939
2065940
2065941
2065942
2065943
2065944
2065945
2065946
2065947
2065948
2065949
2065950
2065951
2065952
2065953
2065954
2065955
2065956
2065957
2065958
2065959
2065960
2065961
2065962
2065963
2065964
2065965
2065966
2065967
2065968
2065969
2065970
2065971
2065972
2065973
2065974
2065975
2065976
2065977
2065978
2065979
2065980
2065981
2065982
2065983
2065984
2065985
2065986
2065987
2065988
2065989
2065990
2065991
2065992
2065993
2065994
2065995
2065996
2065997
2065998
2065999
2066000
2066001
2066002
2066003
2066004
2066005
2066006
2066007
2066008
2066009
2066010
2066011
2066012
2066013
2066014
2066015
2066016
2066017
2066018
2066019
2066020
2066021
2066022
2066023
2066024
2066025
2066026
2066027
2066028
2066029
2066030
2066031
2066032
2066033
2066034
2066035
2066036
2066037
2066038
2066039
2066040
2066041
2066042
2066043
2066044
2066045
2066046
2066047
2066048
2066049
2066050
2066051
2066052
2066053
2066054
2066055
2066056
2066057
2066058
2066059
2066060
2066061
2066062
2066063
2066064
2066065
2066066
2066068
2066069
2066070
2066071
2066072
2066073
2066074
2066075
2066076
2066077
2066078
2066079
2066080
2066081
2066082
2066083
2066084
2066085
2066086
2066087
2066088
2066089
2066090
2066091
2066092
2066093
2066094
2066095
2066096
2066097
2066098
2066099
2066100
2066101
2066102
2066103
2066104
2066105
2066106
2066107
2066108
2066109
2066110
2066111
2066112
2066113
2066114
2066115
2066116
2066117
2066118
2066119
2066120
2066121
2066122
2066123
2066124
2066125
2066126
2066127
2066128
2066129
2066130
2066131
2066132
2066133
2066134
2066135
2066136
2066137
2066138
2066139
2066140
2066141
2066142
2066143
2066144
2066145
2066146
2066147
2066148
2066149
2066150
2066151
2066152
2066153
2066154
2066155
2066156
2066157
2066158
2066159
2074831
2074832
2074833
2074835
2074846
2074847
2074848
2074849
2074850
2074851
2074852
2074853
2074854
2074855
2074856
2074857
2074858
2074859
2074860
2074872
2074873
2074876
2074877
2074878
2074879
2074880
2074881
2074882
2074883
2074884
2074885
2074886
2074887
2074888
2074889
2074890
2074891
2074892
2074893
2074898
2074899
2074900
2074901
2074902
2074903
2074904
2074905
2074906
2074907
2074908
2074909
2074910
2074911
2074912
2074913
2074914
2074915
2074916
2074922
2074923
2074924
2074925
2074926
2074927
2074928
2074929
2074930
2074931
2074932
2074933
2074934
2074935
2074936
2074950
2074951
2074952
2074953
2074967
2074968
2074969
2074970
2074971
2074972
2074973
2074974
2074975
2074987
2074988
2074989
2074990
2074991
2074992
2074993
2074994
2074995
2074996
2074997
2074998
2074999
2075000
2075001
2075002
2075003
2075004
2075005
2075006
2075007
2075008
2075009
2075010
2075011
2075012
2075013
2075014
2075015
2075016
2075017
2075018
2075019
2075020
2075021
2075022
2075023
2075024
2075025
2075026
2075027
2075028
2075029
2075030
2075031
2075032
2075033
2075034
2075035
2075036
2075037
2075038
2075039
2075040
2075041
2075042
2075043
2075044
2075045
2075046
2075047
2075048
2075049
2075050
2075051
2075052
2075053
2075054
2075055
2075056
2075057
2075058
2075059
2075060
2075061
2075062
2075063
2075064
2075065
2075066
2075067
2075068
2075069
2075070
2075071
2075072
2075073
2075074
2075075
2075076
2075077
2075078
2075079
2075080
2075081
2075082
2075083
2075084
2075085
2075086
2075087
2075088
2075089
2075090
2075091
2075092
2075093
2075094
2075095
2075096
2075097
2075098
2075099
2075100
2075101
2075102
2075103
2075104
2075105
2075106
2075107
2075108
2075109
2075110
2075111
2075112
2075113
2075114
2075115
2075116
2075117
2075118
2075119
2075120
2075121
2075122
2075123
2075124
2075125
2075126
2075127
2075128
2075129
2075130
2075131
2075132
2075133
2075134
2075135
2075136
2075137
2075138
2075139
2075155
2075156
2075157
2075158
2075169
2075170
2075171
2075172
2075173
2075174
2075175
2075176
2075177
2075178
2075179
2075180
2075181
2075182
2075183
2075184
2075185
2075186
2075187
2075188
2075189
2075190
2075191
2075192
2075193
2075194
2075195
2075196
2075197
2075198
2075199
2075200
2075201
2075202
2075203
2075204
2075205
2075206
2075207
2075208
2075209
2075210
2075211
2075212
2075213
2075214
2075215
2075216
2075217
2075218
2075219
2075220
2075221
2075222
2075223
2075224
2075225
2075226
2075227
2075228
2075229
2075230
2075231
2075232
2075233
2075234
2075235
2075236
2075237
2075238
2075239
2075240
2075241
2075242
2075243
2075244
2075245
2075246
2075247
2075248
2075249
2075250
2075251
2075252
2075253
2075254
2075255
2075256
2075257
2075258
2075259
2075260
2075261
2075262
2075263
2075264
2075265
2075266
2075267
2075268
2075269
2075270
2075271
2075272
2075273
2075274
2075275
2075276
2075277
2075278
2075279
2075280
2075281
2075282
2075283
2075284
2075285
2075286
2075287
2075288
2075289
2075290
2075291
2075292
2075293
2075294
2075295
2075296
2075297
2075298
2075299
2075300
2075301
2075302
2075303
2075304
2075305
2075306
2075307
2075308
2075309
2075310
2075311
2075312
2075313
2075314
2075315
2075316
2075317
2075318
2075319
2075320
2075321
2075322
2075323
2075324
2075325
2075326
2075327
2075328
2075329
2075330
2075331
2075332
2075333
2075334
2075335
2075336
2075337
2075338
2075339
2075340
2075341
2075342
2075343
2075344
2075345
2075346
2075347
2075348
2075349
2075350
2075351
2075352
2075353
2075354
2075355
2075356
2075357
2075358
2075359
2075360
2075361
2075363
2075364
2075365
2075366
2075380
2075381
2075382
2075383
2075384
2075385
2075386
2075387
2075389
2075390
2075391
2075392
2075393
2075394
2075395
2075396
2075409
2075410
2075411
2075412
2075413
2075414
2075415
2075416
2075417
2075418
2075419
2075420
2075421
2075422
2075423
2075424
2075425
2075426
2075427
2075428
2075429
2075430
2075431
2075432
2075433
2075434
2075435
2075436
2075437
2075438
2075439
2075440
2075441
2075442
2075443
2075444
2075445
2075446
2075447
2075448
2075449
2075450
2075451
2075452
2075453
2075454
2075455
2075456
2075457
2075458
2075459
2075460
2075461
2075462
2075463
2075464
2075465
2075466
2075467
2075468
2075469
2075470
2075471
2075472
2075473
2075474
2075475
2075476
2075477
2075478
2075479
2075480
2075481
2075482
2075483
2075484
2075485
2075486
2075487
2075488
2075489
2075490
2075491
2075492
2075493
2075494
2075495
2075496
2075497
2075498
2075499
2075500
2075501
2075502
2075503
2075504
2075505
2075506
2075507
2075508
2075509
2075510
2075511
2075512
2075513
2075514
2075515
2075516
2075517
2075518
2075519
2075520
2075521
2075522
2075523
2075524
2075525
2075526
2075527
2075528
2075529
2075530
2075531
2075532
2075533
2075534
2075535
2075536
2075537
2075538
2075539
2075540
2075541
2075542
2075543
2075544
2075545
2075546
2075547
2075548
2075549
2075550
2075551
2075552
2075553
2075554
2075555
2075556
2075557
2075558
2075559
2075560
2075561
2075562
2075563
2075564
2075565
2075566
2075567
2075568
2075569
2075570
2075571
2075572
2075573
2075574
2075575
2075576
2075577
2075578
2075579
2075580
2075581
2075582
2075583
2075584
2075585
2075586
2075587
2075588
2075589
2075590
2075591
2075592
2075593
2075594
2075595
2075596
2075597
2075598
2075599
2075600
2075601
2075602
2075603
2075604
2075605
2075606
2075607
2075608
2075622
2075623
2075624
2075625
2075626
2075627
2075628
2075629
2075630
2075631
2075632
2075635
2075636
2075637
2075638
2075639
2075640
2075641
2075642
2075643
2075644
2075645
2075650
2075651
2075652
2075653
2075654
2075655
2075656
2075657
2075658
2075659
2075660
2075661
2075662
2075663
2075664
2075665
2075666
2075667
2075668
2075669
2075670
2075671
2075672
2075673
2075674
2075675
2075676
2075677
2075678
2075679
2075680
2075681
2075682
2075683
2075684
2075685
2075686
2075687
2075688
2075689
2075690
2075691
2075692
2075693
2075694
2075695
2075696
2075697
2075698
2075699
2075700
2075701
2075702
2075703
2075704
2075705
2075706
2075707
2075708
2075709
2075710
2075711
2075712
2075713
2075714
2075715
2075716
2075717
2075718
2075719
2075720
2075721
2075722
2075723
2075724
2075725
2075726
2075727
2075728
2075729
2075730
2075731
2075732
2075733
2075734
2075735
2075736
2075737
2075738
2075739
2075740
2075741
2075742
2075743
2075744
2075745
2075746
2075747
2075748
2075749
2075750
2075751
2075752
2075753
2075754
2075755
2075756
2075757
2075758
2075759
2075760
2075761
2075762
2075763
2075764
2075765
2075766
2075767
2075768
2075769
2075770
2075771
2075772
2075773
2075774
2075775
2075776
2075777
2075778
2075779
2075780
2075781
2075782
2075783
2075784
2075785
2075786
2075787
2075788
2075789
2075790
2075791
2075792
2075793
2075794
2075795
2075796
2075797
2075798
2075799
2075800
2075801
2075802
2075803
2075804
2075805
2075806
2075807
2075808
2075809
2075810
2075811
2075812
2075813
2075814
2075815
2075816
2075817
2075818
2075819
2075820
2075821
2075822
2075823
2075824
2075825
2075826
2075827
2075828
2075829
2075830
2075831
2075832
2075833
2075834
2075835
2075836
2075837
2075838
2075839
2075840
2075841
2075842
2075843
2075844
2075845
2075846
2075847
2075848
2075849
2075850
2075851
2075852
2075853
2075854
2075855
2075858
2075859
2075860
2075875
2075876
2075877
2075878
2075879
2075880
2075881
2075882
2075883
2075884
2075885
2075886
2075887
2075888
2075889
2075890
2075891
2075892
2075893
2075899
2075900
2075901
2075902
2075903
2075904
2075905
2075906
2075907
2075908
2075909
2075910
2075911
2075912
2075913
2075914
2075915
2075916
2075917
2075918
2075919
2075920
2075921
2075922
2075923
2075924
2075925
2075926
2075927
2075928
2075929
2075930
2075931
2075932
2075933
2075934
2075935
2075936
2075937
2075938
2075939
2075940
2075941
2075942
2075943
2075944
2075945
2075946
2075947
2075948
2075949
2075950
2075951
2075952
2075953
2075954
2075955
2075956
2075957
2075958
2075959
2075960
2075961
2075962
2075963
2075964
2075965
2075966
2075967
2075968
2075969
2075970
2075971
2075972
2075973
2075974
2075975
2075976
2075977
2075978
2075979
2075980
2075981
2075982
2075983
2075984
2075985
2075986
2075987
2075988
2075989
2075990
2075991
2075992
2075993
2075994
2075995
2075996
2075997
2075998
2075999
2076000
2076001
2076002
2076003
2076004
2076005
2076006
2076007
2076008
2076009
2076010
2076011
2076012
2076013
2076014
2076015
2076016
2076017
2076018
2076019
2076020
2076021
2076022
2076023
2076024
2076025
2076026
2076027
2076028
2076029
2076030
2076031
2076032
2076033
2076034
2076035
2076036
2076037
2076038
2076039
2076040
2076041
2076042
2076043
2076044
2076045
2076046
2076047
2076048
2076049
2076050
2076051
2076052
2076053
2076054
2076055
2076056
2076057
2076058
2076059
2076060
2076061
2076062
2076063
2076064
2076065
2076066
2076067
2076068
2076069
2076070
2076071
2076072
2076073
2076074
2076075
2076076
2076077
2076078
2076079
2076080
2076081
2076082
2076083
2076084
2076085
2076086
2076087
2076088
2076089
2076090
2076091
2076092
2076093
2076095
2076096
2076097
2076099
2076100
2076101
2076102
2076103
2076104
2076105
2076106
2076107
2076108
2076109
2076124
2076125
2076126
2076127
2076128
2076129
2076130
2076131
2076132
2076133
2076134
2076135
2076136
2076137
2076138
2076139
2076151
2076152
2076153
2076154
2076155
2076156
2076157
2076158
2076159
2076160
2076161
2076162
2076163
2076164
2076165
2076166
2076167
2076168
2076169
2076170
2076171
2076172
2076173
2076174
2076175
2076176
2076177
2076178
2076179
2076180
2076181
2076182
2076183
2076184
2076185
2076186
2076187
2076188
2076189
2076190
2076191
2076192
2076193
2076194
2076195
2076196
2076197
2076198
2076199
2076200
2076201
2076202
2076203
2076204
2076205
2076206
2076207
2076208
2076209
2076210
2076211
2076212
2076213
2076214
2076215
2076216
2076217
2076218
2076219
2076220
2076221
2076222
2076223
2076224
2076225
2076226
2076227
2076228
2076229
2076230
2076231
2076232
2076233
2076234
2076235
2076236
2076237
2076238
2076239
2076240
2076241
2076242
2076243
2076244
2076245
2076246
2076247
2076248
2076249
2076250
2076251
2076252
2076253
2076254
2076255
2076256
2076257
2076258
2076259
2076260
2076261
2076262
2076263
2076264
2076265
2076266
2076267
2076268
2076269
2076270
2076271
2076272
2076273
2076274
2076275
2076276
2076277
2076278
2076279
2076280
2076281
2076282
2076283
2076284
2076285
2076286
2076287
2076288
2076289
2076290
2076291
2076292
2076293
2076294
2076295
2076296
2076297
2076298
2076299
2076300
2076301
2076302
2076303
2076304
2076305
2076306
2076307
2076308
2076309
2076310
2076311
2076312
2076313
2076314
2076315
2076316
2076317
2076318
2076319
2076320
2076321
2076322
2076323
2076324
2076325
2076326
2076327
2076328
2076329
2076330
2076331
2076332
2076333
2076334
2076335
2076336
2076337
2076338
2076339
2076340
2076341
2076342
2076344
2076345
2076346
2076347
2076348
2076349
2076350
2076351
2076364
2076365
2076366
2076367
2076380
2076381
2076382
2076383
2076384
2076385
2076386
2076387
2076388
2076389
2076390
2076391
2076392
2076393
2076394
2076395
2076396
2076397
2076398
2076399
2076400
2076401
2076402
2076403
2076404
2076406
2076407
2076408
2076409
2076410
2076411
2076412
2076413
2076414
2076415
2076416
2076417
2076418
2076419
2076420
2076421
2076422
2076423
2076424
2076425
2076426
2076427
2076428
2076429
2076430
2076431
2076432
2076433
2076434
2076435
2076436
2076437
2076438
2076439
2076440
2076441
2076442
2076443
2076444
2076445
2076446
2076447
2076448
2076449
2076450
2076451
2076452
2076453
2076454
2076455
2076456
2076457
2076458
2076459
2076460
2076461
2076462
2076463
2076464
2076465
2076466
2076467
2076468
2076469
2076470
2076471
2076472
2076473
2076474
2076475
2076476
2076477
2076478
2076479
2076480
2076481
2076482
2076483
2076484
2076485
2076486
2076487
2076488
2076489
2076490
2076491
2076492
2076493
2076494
2076495
2076496
2076497
2076498
2076499
2076500
2076501
2076502
2076503
2076504
2076505
2076506
2076507
2076508
2076509
2076510
2076511
2076512
2076513
2076514
2076515
2076516
2076517
2076518
2076519
2076520
2076521
2076522
2076523
2076524
2076525
2076526
2076527
2076528
2076529
2076530
2076531
2076532
2076533
2076534
2076535
2076536
2076537
2076538
2076539
2076540
2076541
2076542
2076543
2076544
2076545
2076546
2076547
2076548
2076549
2076550
2076551
2076552
2076553
2076554
2076555
2076556
2076557
2076558
2076559
2076560
2076561
2076562
2076563
2076564
2076565
2076566
2076567
2076568
2076569
2076570
2076571
2076572
2076573
2076574
2076589
2076590
2076591
2076592
2076593
2076594
2076595
2076596
2076597
2076614
2076615
2076616
2076617
2076618
2076619
2076620
2076621
2076622
2076623
2076624
2076625
2076626
2076627
2076628
2076629
2076630
2076631
2076632
2076633
2076634
2076635
2076636
2076637
2076639
2076640
2076641
2076642
2076643
2076644
2076645
2076646
2076647
2076648
2076649
2076650
2076651
2076652
2076653
2076654
2076655
2076656
2076657
2076658
2076659
2076660
2076661
2076662
2076663
2076664
2076665
2076666
2076667
2076668
2076669
2076670
2076671
2076672
2076673
2076674
2076675
2076676
2076677
2076678
2076679
2076680
2076681
2076682
2076683
2076684
2076685
2076686
2076687
2076688
2076689
2076690
2076691
2076692
2076693
2076694
2076695
2076696
2076697
2076698
2076699
2076700
2076701
2076702
2076703
2076704
2076705
2076706
2076707
2076708
2076709
2076710
2076711
2076712
2076713
2076714
2076715
2076716
2076717
2076718
2076719
2076720
2076721
2076722
2076723
2076724
2076725
2076726
2076727
2076728
2076729
2076730
2076731
2076732
2076733
2076734
2076735
2076736
2076737
2076738
2076739
2076740
2076741
2076742
2076743
2076744
2076745
2076746
2076747
2076748
2076749
2076750
2076751
2076752
2076753
2076754
2076755
2076756
2076757
2076758
2076778
2076779
2076780
2076781
2076795
2076796
2076797
2076798
2076799
2076800
2076801
2076802
2076818
2076819
2076820
2076821
2076822
2076823
2076824
2076825
2076826
2076827
2076828
2076829
2076830
2076832
2076833
2076849
2076850
2076851
2076852
2076853
2076854
2076855
2076856
2076857
2076858
2076860
2076861
2076863
2076864
2076865
2076880
2076881
2076882
2076883
2076884
2076885
2076886
)


// ************************************************************************* //
