/*--------------------------------*- C++ -*----------------------------------*\
| =========                 |                                                 |
| \\      /  F ield         | OpenFOAM: The Open Source CFD Toolbox           |
|  \\    /   O peration     | Version:  2412                                  |
|   \\  /    A nd           | Website:  www.openfoam.com                      |
|    \\/     M anipulation  |                                                 |
\*---------------------------------------------------------------------------*/
FoamFile
{
    version     2.0;
    format      ascii;
    arch        "LSB;label=32;scalar=64";
    class       faceSet;
    location    "constant/polyMesh/sets";
    object      topPatch;
}
// * * * * * * * * * * * * * * * * * * * * * * * * * * * * * * * * * * * * * //


9000
(
2122625
2122626
2122627
2122628
2122637
2122638
2122639
2122640
2122641
2122642
2122643
2122644
2122645
2122646
2122647
2122648
2122649
2122650
2122651
2122652
2122653
2122654
2122655
2122656
2122659
2122660
2122661
2122662
2122663
2122664
2122665
2122666
2122667
2122668
2122669
2122670
2122671
2122672
2122673
2122674
2122675
2122676
2122680
2122681
2122684
2122685
2122686
2122687
2122688
2122689
2122690
2122691
2122692
2122693
2122694
2122695
2122696
2122697
2122698
2122699
2122700
2122701
2122702
2122703
2122704
2122711
2122712
2122713
2122714
2122715
2122716
2122717
2122718
2122719
2122720
2122721
2122722
2122723
2122724
2122725
2122735
2122736
2122737
2122739
2122753
2122754
2122755
2122756
2122757
2122758
2122759
2122760
2122761
2122762
2122763
2122764
2122765
2122766
2122767
2122768
2122769
2122770
2122771
2122772
2122773
2122774
2122775
2122776
2122777
2122778
2122779
2122780
2122781
2122782
2122783
2122784
2122785
2122786
2122787
2122788
2122789
2122790
2122791
2122792
2122793
2122794
2122795
2122796
2122797
2122798
2122799
2122800
2122801
2122802
2122803
2122804
2122805
2122806
2122807
2122808
2122809
2122810
2122811
2122812
2122813
2122814
2122815
2122816
2122817
2122818
2122819
2122820
2122821
2122822
2122823
2122824
2122825
2122826
2122827
2122828
2122829
2122830
2122831
2122832
2122833
2122834
2122835
2122836
2122837
2122838
2122839
2122840
2122841
2122842
2122843
2122844
2122845
2122846
2122847
2122848
2122849
2122850
2122851
2122852
2122853
2122854
2122855
2122856
2122857
2122858
2122859
2122860
2122861
2122862
2122863
2122864
2122865
2122866
2122867
2122868
2122869
2122870
2122871
2122872
2122873
2122874
2122875
2122876
2122877
2122878
2122879
2122880
2122881
2122882
2122883
2122884
2122885
2122886
2122887
2122888
2122889
2122890
2122891
2122892
2122893
2122894
2122895
2122896
2122897
2122898
2122899
2122900
2122901
2122902
2122903
2122904
2122905
2122906
2122907
2122908
2122909
2122910
2122911
2122912
2122913
2122914
2122915
2122916
2122917
2122918
2122919
2122920
2122921
2122922
2122923
2122924
2122925
2122926
2122927
2122928
2122929
2122930
2122931
2122932
2122933
2122934
2122935
2122936
2122937
2122938
2122939
2122940
2122941
2122942
2122943
2122944
2122945
2122946
2122947
2122948
2122949
2122950
2122951
2122952
2122953
2122963
2122964
2122965
2122966
2122967
2122968
2122969
2122970
2122971
2122980
2122981
2122982
2122983
2122984
2122985
2122986
2122987
2122988
2122989
2122990
2122991
2122992
2122993
2122994
2122995
2122996
2122997
2122998
2122999
2123000
2123001
2123002
2123003
2123004
2123005
2123006
2123007
2123008
2123009
2123010
2123011
2123012
2123013
2123014
2123015
2123016
2123017
2123018
2123019
2123020
2123021
2123022
2123023
2123024
2123025
2123026
2123027
2123028
2123029
2123030
2123031
2123032
2123033
2123034
2123035
2123036
2123037
2123038
2123039
2123040
2123041
2123042
2123043
2123044
2123045
2123046
2123047
2123048
2123049
2123050
2123051
2123052
2123053
2123054
2123055
2123056
2123057
2123058
2123059
2123060
2123061
2123062
2123063
2123064
2123065
2123066
2123067
2123068
2123069
2123070
2123071
2123072
2123073
2123074
2123075
2123076
2123077
2123078
2123079
2123080
2123081
2123082
2123083
2123084
2123085
2123086
2123087
2123088
2123089
2123090
2123091
2123092
2123093
2123094
2123095
2123096
2123097
2123098
2123099
2123100
2123101
2123102
2123103
2123104
2123105
2123106
2123107
2123108
2123109
2123110
2123111
2123112
2123113
2123114
2123115
2123116
2123117
2123118
2123119
2123120
2123121
2123122
2123123
2123124
2123125
2123126
2123127
2123128
2123129
2123130
2123131
2123132
2123133
2123134
2123135
2123136
2123137
2123138
2123139
2123140
2123141
2123142
2123143
2123144
2123145
2123146
2123147
2123148
2123149
2123150
2123151
2123152
2123153
2123154
2123155
2123156
2123157
2123158
2123159
2123160
2123161
2123162
2123163
2123164
2123165
2123166
2123167
2123168
2123169
2123170
2123171
2123172
2123173
2123174
2123175
2123176
2123177
2123178
2123179
2123180
2123181
2123182
2123183
2123184
2123185
2123186
2123187
2123188
2123189
2123190
2123191
2123192
2123193
2123194
2123195
2123196
2123197
2123198
2123199
2123200
2123201
2123202
2123203
2123204
2123205
2123206
2123207
2123208
2123209
2123210
2123211
2123212
2123213
2123214
2123215
2123216
2123217
2123218
2123219
2123220
2123221
2123222
2123223
2123224
2123225
2123226
2123227
2123228
2123229
2123230
2123231
2123232
2123233
2123234
2123235
2123236
2123237
2123238
2123239
2123240
2123241
2123250
2123251
2123252
2123253
2123259
2123260
2123261
2123262
2123263
2123264
2123265
2123266
2123268
2123269
2123270
2123271
2123272
2123273
2123274
2123275
2123276
2123277
2123278
2123279
2123280
2123281
2123282
2123283
2123284
2123285
2123286
2123287
2123288
2123289
2123290
2123291
2123292
2123293
2123294
2123295
2123296
2123297
2123298
2123299
2123300
2123301
2123302
2123303
2123304
2123305
2123306
2123307
2123308
2123309
2123310
2123311
2123312
2123313
2123314
2123315
2123316
2123317
2123318
2123319
2123320
2123321
2123322
2123323
2123324
2123325
2123326
2123327
2123328
2123329
2123330
2123331
2123332
2123333
2123334
2123335
2123336
2123337
2123338
2123339
2123340
2123341
2123342
2123343
2123344
2123345
2123346
2123347
2123348
2123349
2123350
2123351
2123352
2123353
2123354
2123355
2123356
2123357
2123358
2123359
2123360
2123361
2123362
2123363
2123364
2123365
2123366
2123367
2123368
2123369
2123370
2123371
2123372
2123373
2123374
2123375
2123376
2123377
2123378
2123379
2123380
2123381
2123382
2123383
2123384
2123385
2123386
2123387
2123388
2123389
2123390
2123391
2123392
2123393
2123394
2123395
2123396
2123397
2123398
2123399
2123400
2123401
2123402
2123403
2123404
2123405
2123406
2123407
2123408
2123409
2123410
2123411
2123412
2123413
2123414
2123415
2123416
2123417
2123418
2123419
2123420
2123421
2123422
2123423
2123424
2123425
2123426
2123427
2123428
2123429
2123430
2123431
2123432
2123433
2123434
2123435
2123436
2123437
2123438
2123439
2123440
2123441
2123442
2123443
2123444
2123445
2123446
2123447
2123448
2123449
2123450
2123451
2123452
2123453
2123454
2123455
2123456
2123457
2123458
2123459
2123460
2123461
2123462
2123463
2123464
2123465
2123466
2123467
2123468
2123469
2123470
2123471
2123472
2123473
2123474
2123475
2123476
2123477
2123478
2123479
2123480
2123481
2123482
2123483
2123484
2123485
2123486
2123487
2123488
2123489
2123490
2123491
2123492
2123493
2123494
2123495
2123496
2123497
2123498
2123499
2123500
2123501
2123502
2123503
2123504
2123505
2123506
2123507
2123508
2123509
2123510
2123511
2123512
2123513
2123514
2123515
2123516
2123517
2123518
2123519
2123520
2123521
2123522
2123523
2123524
2123525
2123526
2123527
2123528
2123529
2123530
2123531
2123542
2123543
2123544
2123545
2123546
2123547
2123548
2123549
2123550
2123551
2123552
2123553
2123554
2123555
2123556
2123557
2123559
2123560
2123561
2123562
2123563
2123564
2123565
2123566
2123567
2123568
2123569
2123570
2123571
2123572
2123575
2123576
2123577
2123578
2123579
2123580
2123581
2123582
2123583
2123584
2123585
2123586
2123587
2123588
2123589
2123590
2123591
2123592
2123593
2123594
2123595
2123596
2123597
2123598
2123599
2123600
2123601
2123602
2123603
2123604
2123605
2123606
2123607
2123608
2123609
2123610
2123611
2123612
2123613
2123614
2123615
2123616
2123617
2123618
2123619
2123620
2123621
2123622
2123623
2123624
2123625
2123626
2123627
2123628
2123629
2123630
2123631
2123632
2123633
2123634
2123635
2123636
2123637
2123638
2123639
2123640
2123641
2123642
2123643
2123644
2123645
2123646
2123647
2123648
2123649
2123650
2123651
2123652
2123653
2123654
2123655
2123656
2123657
2123658
2123659
2123660
2123661
2123662
2123663
2123664
2123665
2123666
2123667
2123668
2123669
2123670
2123671
2123672
2123673
2123674
2123675
2123676
2123677
2123678
2123679
2123680
2123681
2123682
2123683
2123684
2123685
2123686
2123687
2123688
2123689
2123690
2123691
2123692
2123693
2123694
2123695
2123696
2123697
2123698
2123699
2123700
2123701
2123702
2123703
2123704
2123705
2123706
2123707
2123708
2123709
2123710
2123711
2123712
2123713
2123714
2123715
2123716
2123717
2123718
2123719
2123720
2123721
2123722
2123723
2123724
2123725
2123726
2123727
2123728
2123729
2123730
2123731
2123732
2123733
2123734
2123735
2123736
2123737
2123738
2123739
2123740
2123741
2123742
2123743
2123744
2123745
2123746
2123747
2123748
2123749
2123750
2123751
2123752
2123753
2123754
2123755
2123756
2123757
2123758
2123759
2123760
2123761
2123762
2123763
2123764
2123765
2123766
2123767
2123768
2123769
2123770
2123771
2123772
2123773
2123774
2123775
2123776
2123777
2123778
2123779
2123780
2123781
2123782
2123783
2123784
2123785
2123786
2123787
2123788
2123789
2123790
2123791
2123792
2123793
2123794
2123795
2123796
2123797
2123798
2123799
2123800
2123801
2123802
2123803
2123804
2123805
2123806
2123807
2123808
2123809
2123810
2123811
2123812
2123813
2123814
2123815
2123816
2123817
2123818
2123819
2123820
2123821
2123822
2123823
2123824
2123825
2123826
2123827
2123828
2123829
2123830
2123831
2123832
2123833
2123834
2123835
2123836
2123837
2123838
2123839
2123840
2123841
2123856
2123857
2123858
2123859
2123860
2123861
2123862
2123863
2123864
2123865
2123866
2123867
2123868
2123869
2123870
2123871
2123872
2123873
2123874
2123875
2123876
2123877
2123880
2123881
2123882
2123886
2123887
2123888
2123890
2123891
2123892
2123894
2123895
2123896
2123897
2123898
2123899
2123900
2123901
2123902
2123903
2123904
2123905
2123906
2123907
2123908
2123909
2123910
2123911
2123912
2123913
2123914
2123915
2123916
2123917
2123918
2123919
2123920
2123921
2123922
2123923
2123924
2123925
2123926
2123927
2123928
2123929
2123930
2123931
2123932
2123933
2123934
2123935
2123936
2123937
2123938
2123939
2123940
2123941
2123942
2123943
2123944
2123945
2123946
2123947
2123948
2123949
2123950
2123951
2123952
2123953
2123954
2123955
2123956
2123957
2123958
2123959
2123960
2123961
2123962
2123963
2123964
2123965
2123966
2123967
2123968
2123969
2123970
2123971
2123972
2123973
2123974
2123975
2123976
2123977
2123978
2123979
2123980
2123981
2123982
2123983
2123984
2123985
2123986
2123987
2123988
2123989
2123990
2123991
2123992
2123993
2123994
2123995
2123996
2123997
2123998
2123999
2124000
2124001
2124002
2124003
2124004
2124005
2124006
2124007
2124008
2124009
2124010
2124011
2124012
2124013
2124014
2124015
2124016
2124017
2124018
2124019
2124020
2124021
2124022
2124023
2124024
2124025
2124026
2124027
2124028
2124029
2124030
2124031
2124032
2124033
2124034
2124035
2124036
2124037
2124038
2124039
2124040
2124041
2124042
2124043
2124044
2124045
2124046
2124047
2124048
2124049
2124050
2124051
2124052
2124053
2124054
2124055
2124056
2124057
2124058
2124059
2124060
2124061
2124062
2124063
2124064
2124065
2124066
2124067
2124068
2124069
2124070
2124071
2124072
2124073
2124074
2124075
2124076
2124077
2124078
2124079
2124080
2124081
2124082
2124083
2124084
2124085
2124086
2124087
2124088
2124089
2124090
2124091
2124092
2124093
2124094
2124095
2124096
2124097
2124098
2124099
2124100
2124101
2124102
2124103
2124104
2124105
2124106
2124107
2124108
2124109
2124110
2124111
2124112
2124113
2124114
2124115
2124116
2124117
2124118
2124119
2124120
2124121
2124122
2124123
2124124
2124125
2124126
2124127
2124128
2124129
2124130
2124131
2124132
2124133
2124134
2124135
2124136
2124137
2124138
2124139
2124140
2124141
2124142
2124143
2124144
2124145
2124146
2124147
2124148
2124149
2124150
2124151
2124152
2124153
2124154
2124155
2124156
2124157
2124158
2124159
2124160
2124161
2124162
2124163
2124164
2124165
2124166
2124167
2124168
2124174
2124175
2124176
2124177
2124178
2124179
2124180
2124181
2124182
2124183
2124184
2124186
2124187
2124188
2124190
2124191
2124192
2124193
2124194
2124195
2124196
2124197
2124198
2124199
2124200
2124206
2124207
2124208
2124209
2124210
2124211
2124212
2124213
2124214
2124215
2124216
2124217
2124218
2124219
2124220
2124221
2124222
2124223
2124224
2124225
2124226
2124227
2124228
2124229
2124230
2124231
2124232
2124233
2124234
2124235
2124236
2124237
2124238
2124239
2124240
2124241
2124242
2124243
2124244
2124245
2124246
2124247
2124248
2124249
2124250
2124251
2124252
2124253
2124254
2124255
2124256
2124257
2124258
2124259
2124260
2124261
2124262
2124263
2124264
2124265
2124266
2124267
2124268
2124269
2124270
2124271
2124272
2124273
2124274
2124275
2124276
2124277
2124278
2124279
2124280
2124281
2124282
2124283
2124284
2124285
2124286
2124287
2124288
2124289
2124290
2124291
2124292
2124293
2124294
2124295
2124296
2124297
2124298
2124299
2124300
2124301
2124302
2124303
2124304
2124305
2124306
2124307
2124308
2124309
2124310
2124311
2124312
2124313
2124314
2124315
2124316
2124317
2124318
2124319
2124320
2124321
2124322
2124323
2124324
2124325
2124326
2124327
2124328
2124329
2124330
2124331
2124332
2124333
2124334
2124335
2124336
2124337
2124338
2124339
2124340
2124341
2124342
2124343
2124344
2124345
2124346
2124347
2124348
2124349
2124350
2124351
2124352
2124353
2124354
2124355
2124356
2124357
2124358
2124359
2124360
2124361
2124362
2124363
2124364
2124365
2124366
2124367
2124368
2124369
2124370
2124371
2124372
2124373
2124374
2124375
2124376
2124377
2124378
2124379
2124380
2124381
2124382
2124383
2124384
2124385
2124386
2124387
2124388
2124389
2124390
2124391
2124392
2124393
2124394
2124395
2124396
2124397
2124398
2124399
2124400
2124401
2124402
2124403
2124404
2124405
2124406
2124407
2124408
2124409
2124410
2124411
2124412
2124413
2124414
2124415
2124416
2124417
2124418
2124419
2124420
2124421
2124422
2124423
2124424
2124425
2124426
2124427
2124428
2124429
2124430
2124431
2124432
2124433
2124434
2124435
2124436
2124437
2124438
2124439
2124440
2124441
2124442
2124443
2124444
2124445
2124446
2124447
2124448
2124449
2124450
2124451
2124452
2124453
2124454
2124455
2124456
2124457
2124458
2124459
2124460
2124461
2124462
2124463
2124464
2124465
2124466
2124467
2124468
2124469
2124470
2124471
2124472
2124473
2124474
2124475
2124476
2124477
2124490
2124491
2124492
2124493
2124494
2124495
2124496
2124497
2124499
2124500
2124501
2124502
2124503
2124504
2124505
2124506
2124516
2124517
2124518
2124519
2124520
2124521
2124522
2124523
2124524
2124525
2124526
2124527
2124528
2124529
2124530
2124531
2124532
2124533
2124534
2124535
2124536
2124537
2124538
2124539
2124540
2124541
2124542
2124543
2124544
2124545
2124546
2124547
2124548
2124549
2124550
2124551
2124552
2124553
2124554
2124555
2124556
2124557
2124558
2124559
2124560
2124561
2124562
2124563
2124564
2124565
2124566
2124567
2124568
2124569
2124570
2124571
2124572
2124573
2124574
2124575
2124576
2124577
2124578
2124579
2124580
2124581
2124582
2124583
2124584
2124585
2124586
2124587
2124588
2124589
2124590
2124591
2124592
2124593
2124594
2124595
2124596
2124597
2124598
2124599
2124600
2124601
2124602
2124603
2124604
2124605
2124606
2124607
2124608
2124609
2124610
2124611
2124612
2124613
2124614
2124615
2124616
2124617
2124618
2124619
2124620
2124621
2124622
2124623
2124624
2124625
2124626
2124627
2124628
2124629
2124630
2124631
2124632
2124633
2124634
2124635
2124636
2124637
2124638
2124639
2124640
2124641
2124642
2124643
2124644
2124645
2124646
2124647
2124648
2124649
2124650
2124651
2124652
2124653
2124654
2124655
2124656
2124657
2124658
2124659
2124660
2124661
2124662
2124663
2124664
2124665
2124666
2124667
2124668
2124669
2124670
2124671
2124672
2124673
2124674
2124675
2124676
2124677
2124678
2124679
2124680
2124681
2124682
2124683
2124684
2124685
2124686
2124687
2124688
2124689
2124690
2124691
2124692
2124693
2124694
2124695
2124696
2124697
2124698
2124699
2124700
2124701
2124702
2124703
2124704
2124705
2124706
2124707
2124708
2124709
2124710
2124711
2124712
2124713
2124714
2124715
2124716
2124717
2124718
2124719
2124720
2124721
2124722
2124723
2124724
2124725
2124726
2124727
2124728
2124729
2124730
2124731
2124732
2124733
2124734
2124735
2124736
2124737
2124738
2124739
2124740
2124741
2124742
2124743
2124744
2124747
2124748
2124749
2124750
2124751
2124752
2124753
2124754
2124755
2124756
2124757
2124758
2124759
2124760
2124761
2124762
2124763
2124764
2124765
2124766
2124767
2124768
2124769
2124770
2124771
2124772
2124773
2124774
2124775
2124776
2124777
2124778
2124779
2124784
2124785
2124786
2124787
2124795
2124796
2124797
2124798
2124799
2124800
2124801
2124802
2124803
2124806
2124807
2124808
2124809
2124810
2124811
2124812
2124813
2124814
2124815
2124816
2124817
2124818
2124819
2124820
2124821
2124822
2124823
2124824
2124825
2124826
2124827
2124828
2124829
2124830
2124831
2124832
2124833
2124834
2124835
2124836
2124837
2124838
2124839
2124840
2124841
2124842
2124843
2124844
2124845
2124846
2124847
2124848
2124849
2124850
2124851
2124852
2124853
2124854
2124855
2124856
2124857
2124858
2124859
2124860
2124861
2124862
2124863
2124864
2124865
2124866
2124867
2124868
2124869
2124870
2124871
2124872
2124873
2124874
2124875
2124876
2124877
2124878
2124879
2124880
2124881
2124882
2124883
2124884
2124885
2124886
2124887
2124888
2124889
2124890
2124891
2124892
2124893
2124894
2124895
2124896
2124897
2124898
2124899
2124900
2124901
2124902
2124903
2124904
2124905
2124906
2124907
2124908
2124909
2124910
2124911
2124912
2124913
2124914
2124915
2124916
2124917
2124918
2124919
2124920
2124921
2124922
2124923
2124924
2124925
2124926
2124927
2124928
2124929
2124930
2124931
2124932
2124933
2124934
2124935
2124936
2124937
2124938
2124939
2124940
2124941
2124942
2124943
2124944
2124945
2124946
2124947
2124948
2124949
2124950
2124951
2124952
2124953
2124954
2124955
2124956
2124957
2124958
2124959
2124960
2124961
2124962
2124963
2124964
2124965
2124967
2124968
2124969
2124970
2124971
2124972
2124973
2124974
2124975
2124976
2124977
2124978
2124979
2124980
2124981
2124982
2124983
2124984
2124985
2124986
2124987
2124988
2124989
2124990
2124991
2124992
2124993
2124994
2124995
2124996
2124997
2124998
2125014
2125015
2125016
2125017
2125018
2125019
2125020
2125021
2125022
2125035
2125036
2125037
2125038
2125051
2125052
2125053
2125054
2125055
2125056
2125057
2125058
2125059
2125060
2125061
2125062
2125063
2125064
2125065
2125080
2125081
2125082
2125083
2125084
2125085
2125086
2125087
2125088
2125089
2125090
2125091
2125092
2125093
2125094
2125095
2125096
2125097
2125098
2125099
2125100
2125102
2125103
2125110
2125111
2125112
2125113
2125114
2125115
2125116
2125117
2125118
2125119
2125120
2125121
2125122
2125123
2125124
2125125
2125126
2125127
2125129
2125130
2125132
2125133
2125134
2125148
2125149
2125150
2125151
2125152
2125153
2125154
2125155
2125156
2125157
2125158
2125159
2125160
2125161
2125162
2125167
2125168
2125169
2125170
2125390
2125392
2125393
2125394
2125397
2125398
2125399
2125401
2125402
2125404
2125405
2125407
2125408
2125410
2125411
2125412
2125415
2125417
2125418
2125419
2125420
2125421
2125422
2125423
2125424
2125426
2125427
2125428
2125429
2125430
2125431
2125432
2125433
2125434
2125435
2125436
2125437
2125438
2125439
2125440
2125441
2125442
2125443
2125444
2125446
2125447
2125448
2125449
2125450
2125452
2125453
2125454
2125455
2125456
2125457
2125458
2125459
2125460
2125461
2125462
2125463
2125464
2125466
2125467
2125468
2125469
2125476
2125477
2125478
2125479
2125480
2125482
2125483
2125484
2125485
2125486
2125487
2125488
2125489
2125490
2125492
2125493
2125494
2125495
2125496
2125497
2125498
2125500
2125501
2125502
2125503
2125504
2125505
2125506
2125507
2125508
2125510
2125511
2125512
2125513
2125514
2125515
2125522
2125524
2125525
2125526
2125527
2125528
2125529
2125530
2125531
2125532
2125533
2125534
2125535
2125536
2125538
2125539
2125540
2125541
2125542
2125543
2125544
2125546
2125547
2125548
2125549
2125550
2125552
2125553
2125554
2125555
2125556
2125557
2125558
2125559
2125560
2125561
2125562
2125563
2125564
2125565
2125566
2125567
2125568
2125569
2125570
2125571
2125573
2125575
2125576
2125577
2125580
2125581
2125582
2125584
2125585
2125587
2125588
2125590
2125591
2125593
2125594
2125595
2125598
2125600
2125601
2125602
2126216
2126217
2126218
2126219
2126220
2126222
2126223
2126224
2126226
2126227
2126228
2126229
2126230
2126231
2126232
2126233
2126234
2126235
2126236
2126237
2126238
2126239
2126240
2126241
2126242
2126244
2126246
2126247
2126248
2126249
2126250
2126251
2126252
2126253
2126254
2126255
2126256
2126257
2126259
2126260
2126262
2126263
2126265
2126266
2126268
2126269
2126271
2126273
2126274
2126275
2126276
2126277
2126278
2126279
2126280
2126281
2126282
2126283
2126288
2126289
2126290
2126291
2126292
2126293
2126294
2126295
2126296
2126297
2126298
2126299
2126309
2126310
2126311
2126312
2126313
2126315
2126316
2126317
2126319
2126320
2126321
2126322
2126323
2126324
2126326
2126327
2126329
2126330
2126331
2126333
2126334
2126335
2126336
2126337
2126338
2126339
2126340
2126341
2126343
2126344
2126346
2126347
2126348
2126349
2126359
2126360
2126361
2126362
2126363
2126364
2126366
2126367
2126368
2126369
2126370
2126371
2126372
2126373
2126374
2126375
2126376
2126377
2126378
2126379
2126380
2126381
2126382
2126383
2126384
2126386
2126387
2126388
2126390
2126391
2126392
2126394
2126395
2126396
2126397
2126398
2126399
2126400
2126401
2126402
2126410
2126412
2126413
2126414
2126415
2126416
2126417
2126418
2126419
2126420
2126421
2126422
2126424
2126425
2126426
2126427
2126428
2126429
2126430
2126431
2126432
2126433
2126434
2126435
2126437
2126438
2126439
2126440
2126441
2126443
2126444
2126445
2126446
2126447
2126448
2126449
2126450
2126451
2126452
2126453
2126454
2126456
2126457
2126458
2126459
2126460
2126462
2126463
2126464
2126465
2126466
2126468
2126469
2126470
2126471
2126472
2126473
2126474
2126475
2126476
2126477
2126478
2126479
2126481
2126482
2126483
2126484
2126485
2126487
2126488
2126489
2126490
2126491
2126492
2126493
2126494
2126495
2126496
2126497
2126504
2126506
2126507
2126508
2126509
2126510
2126511
2126512
2126513
2126514
2126522
2126524
2126525
2126526
2126527
2126528
2126529
2126530
2126531
2126532
2126533
2126542
2126543
2126544
2126545
2126546
2126547
2126549
2126550
2126551
2126553
2126554
2126555
2126556
2126557
2126558
2126559
2126560
2126561
2126562
2126570
2126571
2126573
2126574
2126575
2126576
2126578
2126579
2126580
2126581
2126582
2126583
2126584
2126586
2126587
2126588
2126589
2126591
2126592
2126593
2126595
2126596
2126597
2126598
2126599
2126600
2126601
2126602
2126603
2126604
2126605
2126607
2126608
2126609
2126611
2126612
2126614
2126615
2126617
2126618
2126619
2126621
2126622
2126623
2126625
2126626
2126627
2126632
2126633
2126634
2126635
2126636
2126637
2126638
2126639
2126640
2126641
2126642
2126643
2126645
2126646
2126647
2126649
2126650
2126651
2126652
2126653
2126654
2126655
2126656
2126657
2126658
2126660
2126661
2126663
2126664
2126666
2126667
2126669
2126670
2126672
2126674
2126675
2126676
2126677
2126678
2126679
2126680
2126681
2126682
2126683
2126684
2126689
2126690
2126691
2126692
2126693
2126694
2126695
2126696
2126697
2126698
2126699
2126700
2126701
2126712
2126713
2126714
2126715
2126716
2126718
2126719
2126720
2126722
2126723
2126724
2126904
2126905
2126906
2126907
2126908
2126910
2126911
2126912
2126913
2126914
2126930
2126932
2126933
2126934
2126935
2126936
2126942
2126943
2126944
2126945
2126948
2126950
2126956
2126957
2126958
2126959
2126960
2126961
2126962
2126963
2126965
2126966
2126968
2126971
2126972
2126973
2126975
2126976
2126977
2126980
2126981
2126982
2126983
2126984
2126985
2126986
2126987
2126988
2126989
2126990
2127003
2127005
2127006
2127007
2127008
2127009
2127021
2127022
2127023
2127024
2127027
2127029
2127034
2127035
2127036
2127037
2127039
2127041
2127042
2127043
2127044
2127045
2127097
2127098
2127099
2127100
2127102
2127103
2127104
2127105
2127106
2127107
2127108
2127109
2127111
2127112
2127114
2127115
2127116
2127118
2127119
2127120
2127121
2127122
2127123
2127124
2127125
2127126
2127127
2127128
2127129
2127130
2127131
2127133
2127134
2127135
2127137
2127138
2127139
2127140
2127142
2127143
2127144
2127146
2127147
2127148
2127640
2127641
2127642
2127643
2127644
2127645
2127646
2127647
2127648
2127649
2127650
2127652
2127653
2127654
2127655
2127656
2127657
2127658
2127659
2127660
2127661
2127663
2127664
2127665
2127666
2127667
2127668
2127669
2127670
2127680
2127681
2127682
2127683
2127684
2127685
2127686
2127687
2127688
2127701
2127703
2127704
2127705
2127706
2127709
2127710
2127711
2127712
2127715
2127716
2127717
2127718
2127719
2127721
2127722
2127723
2127724
2127730
2127731
2127732
2127733
2127742
2127744
2127745
2127746
2127747
2127750
2127751
2127752
2127753
2127756
2127757
2127758
2127759
2127760
2127762
2127763
2127764
2127765
2127771
2127772
2127773
2127774
2127781
2127782
2127783
2127784
2127785
2127786
2127787
2127788
2127789
2127790
2127791
2127792
2127793
2127794
2127795
2127796
2127797
2127804
2127805
2127806
2127807
2127808
2127809
2127810
2127811
2127812
2127815
2127816
2127817
2127818
2127819
2127820
2127821
2127822
2127823
2127824
2127825
2127826
2127827
2127828
2127829
2127830
2127831
2127834
2127835
2127837
2127838
2127839
2127840
2127841
2127842
2127843
2127844
2127845
2127846
2127847
2127848
2127849
2127850
2127851
2127852
2127853
2127854
2127855
2127856
2127857
2127858
2127859
2127860
2127861
2127863
2127864
2127865
2127866
2127867
2127868
2127869
2127872
2127873
2127874
2127875
2127876
2127877
2127878
2127879
2127880
2127881
2127882
2127883
2127884
2127885
2127886
2127887
2127888
2127895
2127896
2127897
2127898
2127899
2127900
2127901
2127902
2127903
2127904
2127905
2127906
2127907
2127908
2127909
2127910
2127911
2127912
2127913
2127914
2127915
2127916
2127917
2127918
2127919
2127920
2127927
2127928
2127929
2127930
2127931
2127938
2127939
2127940
2127941
2127942
2127943
2127944
2127945
2127946
2127951
2127952
2127953
2127954
2127958
2127959
2127960
2127961
2127975
2127976
2127977
2127978
2127979
2127986
2127987
2127988
2127989
2127990
2127991
2127992
2127993
2127994
2127998
2127999
2128000
2128001
2128004
2128005
2128006
2128007
2128016
2128017
2128018
2128019
2128020
2128021
2128022
2128023
2128024
2128025
2128026
2128028
2128029
2128030
2128031
2128032
2128033
2128034
2128035
2128036
2128037
2128040
2128041
2128042
2128043
2128044
2128045
2128046
2128047
2128048
2128050
2128051
2128052
2128053
2128054
2128055
2128056
2128057
2128058
2128585
2128586
2128587
2128588
2128589
2128590
2128592
2128594
2128595
2128596
2128597
2128599
2128601
2128602
2128604
2128605
2128606
2128607
2128609
2128610
2128611
2128612
2128614
2128615
2128617
2128618
2128620
2128621
2128623
2128624
2128626
2128627
2128629
2128630
2128632
2128633
2128635
2128636
2128637
2128638
2128639
2128641
2128642
2128643
2128644
2128646
2128648
2128649
2128650
2128651
2128652
2128653
2128654
2128656
2128657
2128658
2128659
2128660
2128661
2128662
2128664
2128670
2128673
2128676
2128678
2128682
2128684
2128685
2128686
2128687
2128688
2128689
2128691
2128692
2128693
2128694
2128695
2128696
2128697
2128704
2128705
2128708
2128709
2128712
2128714
2128718
2128719
2128720
2128721
2128722
2128724
2128725
2128727
2128728
2128729
2128731
2128732
2128733
2128734
2128735
2128736
2128737
2128739
2128740
2128741
2128743
2128744
2128745
2128746
2128747
2128748
2128749
2128750
2128751
2128752
2128753
2128755
2128756
2128758
2128760
2128761
2128762
2128763
2128764
2128766
2128767
2128768
2128769
2128771
2128772
2128774
2128776
2128777
2128778
2128779
2128780
2128782
2128783
2128784
2128785
2128786
2128787
2128789
2128790
2128791
2128793
2128794
2128796
2128797
2128798
2128800
2128801
2128803
2128804
2128806
2128807
2128808
2128811
2128812
2128813
2128814
2128815
2128816
2128817
2128819
2128820
2128821
2128823
2128824
2128826
2128827
2128828
2128830
2128831
2128833
2128834
2128836
2128837
2128838
2128841
2128842
2128843
2128844
2128845
2128846
2128847
2128849
2128850
2128852
2128853
2128854
2128857
2128858
2128859
2128860
2128861
2128862
2128863
2128865
2128866
2128867
2128869
2128870
2128872
2128873
2128874
2128876
2128877
2128879
2128880
2128882
2128883
2128884
2128887
2128888
2128889
2128890
2128891
2128892
2128893
2128895
2128896
2128897
2128899
2128900
2128902
2128903
2128904
2128906
2128907
2128909
2128911
2128912
2128913
2128914
2128915
2128917
2128918
2128919
2128920
2128921
2128922
2128924
2128925
2128926
2128928
2128929
2128930
2128931
2128932
2128933
2128934
2128936
2128937
2128938
2128939
2128940
2128941
2128943
2128944
2128946
2128947
2128948
2128950
2128951
2128952
2128953
2128954
2128955
2128956
2128958
2128959
2128960
2128962
2128963
2128964
2128965
2128966
2128967
2128968
2128969
2128970
2128971
2128972
2128974
2128975
2128977
2128981
2128983
2128989
2128992
2128993
2128997
2128998
2128999
2129000
2129001
2129002
2129004
2129005
2129006
2129007
2129008
2129009
2129014
2129015
2129017
2129022
2129026
2129027
2129030
2129031
2129032
2129033
2129034
2129035
2129037
2129039
2129040
2129041
2129042
2129043
2129045
2129046
2129048
2129049
2129050
2129051
2129053
2129054
2129055
2129056
2129058
2129059
2129061
2129062
2129064
2129065
2129067
2129068
2129070
2129071
2129073
2129074
2129076
2129077
2129079
2129080
2129081
2129082
2129083
2129085
2129086
2129087
2129088
2129090
2129091
2129092
2129094
2129095
2129097
2129098
2129099
2129101
2129102
2129103
2129104
2129105
2129106
2129107
2129329
2129330
2129331
2129332
2129333
2129334
2129335
2129337
2129338
2129339
2129341
2129342
2129343
2129344
2129345
2129346
2129347
2129348
2129350
2129352
2129353
2129355
2129356
2129357
2129358
2129359
2129360
2129361
2129362
2129364
2129366
2129367
2129368
2129369
2129370
2129371
2129372
2129373
2129374
2129375
2129377
2129378
2129379
2129380
2129383
2129384
2129385
2129386
2129387
2129388
2129389
2129391
2129392
2129393
2129394
2129397
2129398
2129399
2129400
2129401
2129402
2129403
2129405
2129406
2129407
2129409
2129410
2129411
2129412
2129413
2129414
2129416
2129417
2129418
2129419
2129421
2129423
2129424
2129425
2129426
2129427
2129428
2129430
2129431
2129432
2129433
2129435
2129437
2129438
2129439
2129440
2129441
2129442
2129444
2129445
2129446
2129447
2129449
2129451
2129452
2129453
2129454
2129455
2129456
2129458
2129459
2129460
2129461
2129463
2129464
2129467
2129468
2129469
2129470
2129471
2129472
2129473
2129476
2129477
2129478
2129479
2129481
2129483
2129484
2129485
2129486
2129487
2129488
2129490
2129491
2129492
2129493
2129494
2129495
2129496
2129498
2129499
2129500
2129502
2129503
2129504
2129505
2129506
2129507
2129508
2129510
2129511
2129512
2129513
2129515
2129517
2129518
2129519
2129520
2129521
2129522
2129523
2129525
2129526
2129527
2129528
2129530
2129532
2129533
2129534
2129535
2129536
2129537
2129539
2129540
2129541
2129542
2129544
2129545
2129546
2130266
2130267
2130268
2130269
2130270
2130272
2130273
2130274
2130275
2130276
2130277
2130278
2130279
2130280
2130281
2130283
2130285
2130286
2130287
2130288
2130290
2130291
2130292
2130293
2130294
2130295
2130296
2130297
2130298
2130299
2130300
2130302
2130304
2130305
2130306
2130307
2130308
2130309
2130310
2130311
2130312
2130313
2130314
2130315
2130316
2130318
2130319
2130321
2130322
2130324
2130325
2130327
2130328
2130330
2130331
2130333
2130334
2130336
2130337
2130339
2130340
2130341
2130342
2130343
2130344
2130345
2130347
2130349
2130350
2130351
2130352
2130353
2130354
2130355
2130356
2130357
2130358
2130359
2130360
2130361
2130363
2130364
2130365
2130366
2130367
2130368
2130371
2130372
2130373
2130374
2130375
2130377
2130378
2130379
2130380
2130381
2130382
2130383
2130384
2130387
2130388
2130390
2130392
2130393
2130394
2130395
2130397
2130398
2130399
2130400
2130404
2130405
2130412
2130413
2130416
2130417
2130420
2130422
2130426
2130427
2130428
2130429
2130430
2130431
2130434
2130437
2130439
2130440
2130441
2130442
2130446
2130453
2130454
2130457
2130458
2130462
2130467
2130468
2130469
2130470
2130471
2130472
2130475
2130478
2130481
2130482
2130483
2130484
2130485
2130487
2130489
2130490
2130491
2130492
2130493
2130494
2130496
2130498
2130499
2130500
2130501
2130503
2130506
2130507
2130508
2130509
2130510
2130512
2130514
2130515
2130516
2130517
2130518
2130519
2130521
2130523
2130524
2130525
2130526
2130528
2130530
2130531
2130532
2130534
2130535
2130536
2130537
2130538
2130539
2130540
2130541
2130542
2130543
2130545
2130546
2130547
2130549
2130550
2130551
2130552
2130553
2130554
2130555
2130556
2130557
2130558
2130559
2130560
2130561
2130562
2130563
2130564
2130565
2130566
2130567
2130568
2130569
2130570
2130571
2130572
2130573
2130574
2130575
2130576
2130578
2130579
2130581
2130583
2130584
2130585
2130586
2130588
2130589
2130590
2130591
2130592
2130593
2130594
2130595
2130596
2130597
2130598
2130599
2130600
2130601
2130602
2130603
2130604
2130605
2130606
2130607
2130609
2130610
2130612
2130614
2130615
2130616
2130617
2130619
2130620
2130622
2130623
2130625
2130627
2130628
2130629
2130630
2130632
2130633
2130634
2130635
2130636
2130637
2130638
2130639
2130640
2130641
2130642
2130643
2130644
2130645
2130646
2130647
2130648
2130649
2130650
2130651
2130653
2130654
2130656
2130658
2130659
2130660
2130661
2130663
2130664
2130665
2130666
2130667
2130668
2130669
2130670
2130671
2130672
2130673
2130674
2130675
2130676
2130677
2130678
2130679
2130680
2130681
2130682
2130684
2130685
2130686
2130688
2130689
2130690
2130691
2130692
2130693
2130694
2130695
2130696
2130697
2130699
2130700
2130701
2130703
2130704
2130705
2130706
2130707
2130708
2130709
2130710
2130711
2130712
2130715
2130716
2130717
2130718
2130719
2130721
2130723
2130724
2130725
2130726
2130727
2130728
2130730
2130732
2130733
2130734
2130735
2130737
2130740
2130741
2130742
2130743
2130744
2130746
2130748
2130749
2130750
2130751
2130752
2130753
2130755
2130757
2130758
2130759
2130760
2130762
2130767
2130768
2130769
2130770
2130771
2130772
2130775
2130776
2130779
2130780
2130782
2130783
2130784
2130785
2130789
2130796
2130797
2130800
2130801
2130804
2130806
2130810
2130811
2130812
2130813
2130814
2130815
2130818
2130821
2130822
2130824
2130825
2130826
2130827
2130831
2130832
2130839
2130840
2130843
2130848
2130849
2130850
2130851
2130852
2130854
2130855
2130856
2130857
2130858
2130859
2130860
2130861
2130864
2130865
2130867
2130869
2130870
2130871
2130872
2130874
2130875
2130876
2130877
2130878
2130879
2130880
2130881
2130882
2130883
2130884
2130886
2130888
2130889
2130890
2130891
2130892
2130893
2130894
2130895
2130896
2130897
2130898
2130899
2130900
2130902
2130903
2130905
2130906
2130908
2130909
2130911
2130912
2130914
2130915
2130917
2130918
2130920
2130921
2130923
2130924
2130925
2130926
2130927
2130928
2130929
2130931
2130933
2130934
2130935
2130936
2130937
2130938
2130939
2130940
2130941
2130942
2130943
2130944
2130945
2130947
2130948
2130949
2130950
2130951
2130952
2130955
2130956
2130957
2130958
2130959
2130961
2130962
2130963
2130964
2130965
2130966
2130967
2130968
2130971
2130972
2130974
2130976
2130977
2130978
2130979
2130996
2130997
2130998
2130999
2131000
2131001
2131002
2131003
2131004
2131005
2131006
2131007
2131008
2131009
2131010
2131011
2131095
2131096
2131097
2131098
2131099
2131101
2131102
2131103
2131104
2131105
2131107
2131108
2131109
2131110
2131111
2131113
2131114
2131115
2131116
2131117
2131118
2131119
2131120
2131121
2131122
2131123
2131124
2131125
2131126
2131127
2131128
2131129
2131130
2131131
2131132
2131133
2131134
2131135
2131136
2131137
2131138
2131139
2131140
2131141
2131142
2131143
2131144
2131145
2131146
2131147
2131148
2131149
2131150
2131151
2131152
2131153
2131155
2131156
2131157
2131158
2131159
2131161
2131162
2131163
2131164
2131165
2131166
2131167
2131168
2131169
2131170
2131172
2131173
2131174
2131175
2131176
2131225
2131226
2131227
2131228
2131230
2131231
2131234
2131235
2131237
2131238
2131240
2131241
2131243
2131244
2131247
2131248
2131251
2131252
2131254
2131255
2131257
2131258
2131260
2131261
2131262
2131263
2131264
2131265
2131266
2131267
2131268
2131269
2131270
2131271
2131420
2131421
2131423
2131424
2131425
2131427
2131428
2131429
2131431
2131433
2131434
2131435
2131437
2131439
2131440
2131441
2131442
2131443
2131445
2131447
2131448
2131450
2131451
2131453
2131456
2131457
2131459
2131460
2131462
2131463
2131464
2131466
2131467
2131468
2131469
2131471
2131473
2131475
2131476
2131477
2131479
2131482
2131483
2131485
2131486
2131487
2131488
2131490
2131493
2131494
2131495
2131496
2131497
2131499
2131502
2131503
2131505
2131506
2131507
2131508
2131510
2131513
2131514
2131515
2131516
2131518
2131519
2131521
2131522
2131524
2131526
2131527
2131529
2131530
2131531
2131533
2131534
2131535
2131537
2131538
2131539
2131541
2131543
2131544
2131546
2131547
2131548
2131550
2131552
2131553
2131554
2131556
2131557
2131559
2131561
2131562
2131564
2131567
2131568
2131724
2131725
2131726
2131727
2131728
2131729
2131732
2131733
2131734
2131737
2131738
2131739
2131740
2131741
2131744
2131745
2131746
2131749
2131750
2131751
2131752
2131754
2131755
2131757
2131758
2131759
2131760
2131761
2131762
2131764
2131765
2131766
2131767
2131771
2131773
2131774
2131775
2131776
2131777
2131780
2131781
2131782
2131783
2131785
2131787
2131788
2131789
2131790
2131791
2131794
2131795
2131796
2131797
2131798
2131800
2131802
2131803
2131804
2131805
2131806
2131807
2131810
2131811
2131812
2131813
2131814
2131816
2131818
2131819
2131820
2131821
2131822
2131825
2131826
2131827
2131828
2131829
2131830
2131831
2131832
2131835
2131836
2131837
2131840
2131841
2131842
2131843
2131844
2131845
2131848
2131849
2131850
2131853
2131854
2131855
2131856
2131857
2131860
2131861
2131862
2131865
2131866
2131867
2131869
2131870
2131872
2131873
2132130
2132131
2132133
2132134
2132135
2132137
2132138
2132139
2132140
2132142
2132143
2132145
2132146
2132147
2132149
2132150
2132152
2132153
2132154
2132155
2132157
2132158
2132159
2132160
2132162
2132164
2132165
2132167
2132168
2132169
2132170
2132171
2132172
2132173
2132175
2132176
2132177
2132178
2132179
2132180
2132181
2132183
2132185
2132187
2132188
2132189
2132190
2132192
2132193
2132194
2132195
2132197
2132199
2132200
2132201
2132203
2132205
2132206
2132208
2132209
2132210
2132211
2132212
2132215
2132216
2132218
2132219
2132221
2132222
2132224
2132225
2132229
2132230
2132231
2132233
2132235
2132236
2132238
2132239
2132240
2132241
2132242
2132245
2132246
2132248
2132250
2132251
2132253
2132254
2132258
2132259
2132260
2132262
2132264
2132265
2132267
2132268
2132269
2132270
2132271
2132274
2132275
2132277
2132278
2132280
2132281
2132283
2132284
2132287
2132289
2132290
2132291
2132293
2132294
2132296
2132298
2132299
2132300
2132301
2132302
2132305
2132306
2132307
2132308
2132310
2132311
2132313
2132314
2132318
2132319
2132321
2132322
2132323
2132324
2132325
2132326
2132328
2132329
2132330
2132331
2132332
2132333
2132334
2132336
2132337
2132339
2132340
2132341
2132342
2132344
2132345
2132346
2132347
2132349
2132351
2132352
2132354
2132355
2132356
2132358
2132359
2132360
2132361
2132363
2132364
2132365
2132367
2132368
2132370
2132371
2132373
2132374
2132375
2132376
2132378
2132379
2132380
2132381
2132383
2132810
2132812
2132816
2132817
2132818
2132819
2132820
2132821
2132822
2132824
2132825
2132826
2132828
2132835
2132836
2132837
2132838
2132840
2132841
2132843
2132844
2132846
2132847
2132848
2132849
2132851
2132852
2132853
2132854
2132855
2132856
2132857
2132858
2132859
2132860
2132862
2132863
2132864
2132865
2132867
2132868
2132870
2132871
2132872
2132873
2132875
2132876
2132877
2132878
2132879
2132880
2132881
2132883
2132884
2132885
2132887
2132888
2132889
2132890
2132891
2132893
2132898
2132899
2132900
2132901
2132902
2132903
2132905
2132906
2132907
2132909
2132916
2132917
2132918
2132919
2132922
2132923
2132925
2132926
2132927
2132928
2132929
2132930
2132932
2132934
2132935
2132937
2132938
2132939
2132940
2132942
2132943
2132944
2132945
2132946
2132948
2132949
2132950
2132951
2132952
2132954
2132955
2132956
2132957
2132958
2132959
2132960
2132963
2132964
2132965
2132967
2132969
2132970
2132972
2132974
2132975
2132977
2132978
2132979
2132980
2132982
2132983
2132984
2132985
2132988
2132989
2132990
2132991
2132992
2132993
2132995
2132996
2132998
2133000
2133001
2133003
2133004
2133005
2133006
2133008
2133009
2133010
2133011
2133014
2133015
2133016
2133017
2133018
2133019
2133021
2133022
2133024
2133026
2133027
2133029
2133030
2133031
2133032
2133034
2133035
2133036
2133037
2133040
2133041
2133042
2133043
2133044
2133045
2133046
2133048
2133049
2133051
2133053
2133054
2133056
2133057
2133058
2133059
2133061
2133062
2133063
2133064
2133067
2133068
2133069
2133070
2133071
2133072
2133073
2133075
2133076
2133077
2133078
2133079
2133081
2133082
2133083
2133085
2133086
2133087
2133088
2133090
2133091
2133092
2133093
2133094
2133096
2133097
2133098
2133099
2133100
2133101
2133103
2133104
2133105
2133106
2133107
2133108
2133109
2133112
2133113
2133114
2133115
2133116
2133118
2133123
2133124
2133125
2133126
2133127
2133128
2133130
2133131
2133132
2133134
2133140
2133141
2133142
2133143
2133146
2133147
2133148
2133149
2133150
2133151
2133152
2133154
2133155
2133157
2133158
2133159
2133160
2133162
2133164
2133165
2133166
2133168
2133169
2133170
2133171
2133172
2133173
2133174
2133175
2133176
2133177
2133179
2133180
2133182
2133183
2133184
2133185
2133187
2133188
2133190
2133191
2133192
2133194
2133195
2133196
2133197
2133198
2133200
2133204
2133205
2133206
2133207
2133208
2133209
2133210
2133212
2133213
2133214
2133216
2133222
2133223
2133224
2133225
2133226
2133229
2133244
2133246
2133248
2133250
2133252
2133254
2133256
2133258
2133277
2133278
2133281
2133282
2133285
2133286
2133289
2133290
2133326
2133327
2133329
2133330
2133332
2133333
2133334
2133336
2133337
2133338
2133341
2133342
2133343
2133345
2133346
2133348
2133349
2133351
2133352
2133354
2133355
2133357
2133359
2133360
2133439
2133440
2133441
2133442
2133443
2133444
2133445
2133446
2133449
2133450
2133451
2133452
2133453
2133454
2133455
2133456
2133466
2133467
2133468
2133469
2133470
2133471
2133472
2133473
2133474
2133475
2133476
2133477
2133478
2133479
2133480
2133481
2133490
2133491
2133492
2133493
2133494
2133495
2133496
2133497
2133503
2133504
2133505
2133506
2133507
2133508
2133509
2133510
2133559
2133560
2133561
2133562
2133563
2133564
2133565
2133566
2133567
2133568
2133569
2133570
2133571
2133572
2133573
2133574
2133575
2133576
2133577
2133578
2133579
2133580
2133581
2133582
2133583
2133584
2133585
2133586
2133587
2133588
2133589
2133590
2133591
2133592
2133593
2133594
2133595
2133596
2133597
2133598
2133599
2133600
2133601
2133602
2133603
2133604
2133605
2133606
2133964
2133965
2133966
2133967
2133968
2133969
2133970
2133971
2133972
2133973
2133974
2133975
2133976
2133977
2133978
2133979
2133980
2133981
2133982
2133983
2133984
2133985
2133986
2133987
2133988
2133989
2133990
2133991
2133992
2133993
2133994
2133995
2133997
2133998
2133999
2134000
2134001
2134002
2134003
2134004
2134005
2134006
2134007
2134008
2134013
2134014
2134015
2134016
2134017
2134018
2134019
2134020
2134021
2134022
2134023
2134024
2134025
2134026
2134027
2134028
2134030
2134031
2134032
2134033
2134034
2134035
2134036
2134037
2134038
2134039
2134040
2134041
2134042
2134043
2134044
2134045
2134046
2134047
2134048
2134049
2134050
2134051
2134052
2134053
2134054
2134055
2134056
2134057
2134058
2134059
2134060
2134061
2134062
2134063
2134064
2134065
2134066
2134067
2134068
2134069
2134070
2134071
2134072
2134073
2134074
2134075
2134076
2134077
2134078
2134079
2134080
2134081
2134082
2134083
2134084
2134085
2134086
2134087
2134088
2134089
2134090
2134091
2134092
2134093
2134094
2134095
2134096
2134097
2134098
2134099
2134100
2134101
2134102
2134103
2134104
2134105
2134106
2134107
2134108
2134109
2134110
2134111
2134112
2134113
2134114
2134115
2134116
2134117
2134118
2134119
2134120
2134121
2134123
2134124
2134125
2134126
2134127
2134128
2134129
2134130
2134131
2134132
2134133
2134134
2134135
2134136
2134137
2134138
2134140
2134141
2134142
2134143
2134144
2134145
2134146
2134147
2134148
2134149
2134150
2134151
2134152
2134153
2134154
2134155
2134156
2134157
2134158
2134159
2134160
2134161
2134162
2134163
2134164
2134165
2134166
2134167
2134168
2134169
2134170
2134171
2134172
2134173
2134174
2134175
2134176
2134177
2134178
2134179
2134182
2134183
2134184
2134185
2134186
2134187
2134188
2134189
2134190
2134191
2134192
2134193
2134194
2134195
2134196
2134197
2134198
2134199
2134200
2134201
2134202
2134203
2134204
2134205
2134206
2134207
2134208
2134209
2134210
2134211
2134212
2134213
2134214
2134215
2134216
2134217
2134218
2134219
2134220
2134221
2134222
2134223
2134224
2134225
2134226
2134227
2134228
2134229
2134231
2134232
2134233
2134234
2134239
2134240
2134241
2134242
2134243
2134244
2134245
2134246
2134247
2134248
2134249
2134250
2134251
2134252
2134253
2134254
2134256
2134257
2134258
2134259
2134260
2134261
2134262
2134263
2134264
2134265
2134266
2134267
2134268
2134269
2134270
2134271
2134272
2134273
2134274
2134275
2134276
2134277
2134278
2134279
2134284
2134285
2134286
2134287
2134288
2134289
2134290
2134291
2134292
2134293
2134294
2134295
2134296
2134297
2134298
2134299
2134301
2134302
2134303
2134304
2134385
2134387
2134388
2134389
2134390
2134391
2134392
2134393
2134394
2134395
2134396
2134397
2134398
2134399
2134400
2134401
2134402
2134403
2134404
2134405
2134406
2134407
2134408
2134409
2134410
2134412
2134413
2134414
2134415
2134416
2134417
2134419
2134420
2134421
2134424
2134425
2134426
2134428
2134429
2134430
2134432
2134433
2134434
2134435
2134436
2134437
2134438
2134439
2134440
2134441
2134442
2134443
2134444
2134445
2134446
2134447
2134448
2134449
2134450
2134451
2134452
2134453
2134454
2134455
2134456
2134458
2134459
2134461
2134619
2134620
2134621
2134622
2134623
2134624
2134625
2134626
2134627
2134628
2134629
2134630
2134631
2134632
2134633
2134634
2134635
2134636
2134637
2134638
2134639
2134640
2134641
2134642
2134643
2134644
2134645
2134646
2134648
2134649
2134650
2134651
2134652
2134653
2134654
2134657
2134658
2134659
2134662
2134663
2134664
2134665
2134666
2134667
2134668
2134670
2134672
2134673
2134674
2134675
2134676
2134677
2134678
2134679
2134680
2134681
2134682
2134683
2134684
2134685
2134686
2134687
2134688
2134689
2134690
2134691
2134692
2134693
2134694
2134695
2134697
2134698
2134699
2134700
2134701
2134702
2134703
2134704
2134705
2134706
2134707
2134709
2134710
2134711
2134712
2134713
2134714
2134715
2134716
2134717
2134718
2134719
2134721
2134722
2134723
2134724
2134725
2134726
2134727
2134728
2134729
2134730
2134731
2134732
2134734
2134735
2134736
2134737
2134738
2134739
2134740
2134741
2134743
2134744
2134745
2134748
2134749
2134750
2134752
2134753
2134754
2134755
2134756
2134757
2134758
2134759
2134760
2134761
2134762
2134763
2134764
2134765
2134766
2134767
2134768
2134769
2134770
2134771
2134772
2134773
2134774
2134775
2134776
2134777
2134778
2134779
2134781
2134782
2134783
2134784
2134791
2134793
2134795
2134798
2134824
2134825
2134826
2134827
2134828
2134829
2134830
2134831
2134832
2134833
2134834
2134835
2134836
2134837
2134838
2134839
2134840
2134841
2134842
2134843
2134844
2134845
2134846
2134847
2134872
2134873
2134874
2134875
2134876
2134877
2134878
2134879
2134880
2134881
2134882
2134883
2134884
2134885
2134886
2134887
2134888
2134889
2134890
2134891
2134892
2134893
2134894
2134895
2134954
2134955
2134956
2134957
2134958
2134959
2134960
2134961
2134962
2134963
2134964
2134965
2134968
2134969
2134970
2134971
2134972
2134973
2134974
2134976
2134977
2134978
2134979
2134980
2134981
2134982
2134983
2134984
2134985
2134986
2134987
2134988
2134990
2134992
2134993
2134994
2134995
2134996
2134997
2134999
2135003
2135004
2135005
2135006
2135007
2135008
2135009
2135010
2135011
2135012
2135013
2135014
2135152
2135153
2135154
2135155
2135156
2135157
2135158
2135159
2135160
2135161
2135162
2135163
2135164
2135165
2135166
2135167
2135168
2135169
2135170
2135171
2135172
2135173
2135174
2135175
2135176
2135177
2135178
2135179
2135180
2135181
2135182
2135183
2135184
2135185
2135186
2135187
2135188
2135189
2135190
2135191
2135192
2135193
2135194
2135195
2135196
2135197
2135198
2135199
2135200
2135201
2135202
2135203
2135204
2135205
2135206
2135207
2135208
2135209
2135210
2135211
2135212
2135213
2135214
2135215
2135216
2135217
2135218
2135219
2135220
2135221
2135222
2135223
2135224
2135225
2135226
2135227
2135228
2135229
2135230
2135231
2135232
2135233
2135234
2135235
2135236
2135237
2135238
2135239
2135240
2135241
2135242
2135243
2135244
2135245
2135246
2135247
2135248
2135249
2135250
2135251
2135252
2135253
2135254
2135255
2135256
2135257
2135258
2135259
2135260
2135261
2135262
2135263
2135264
2135265
2135266
2135267
2135268
2135269
2135270
2135271
2135272
2135273
2135274
2135275
2135276
2135277
2135278
2135279
2135280
2135281
2135282
2135283
2135284
2135304
2135313
2135314
2135389
2135391
2135442
2135443
2135444
2135445
2135446
2135447
2135450
2135451
2135452
2135453
2135454
2135455
2135456
2135457
2135458
2135461
2135462
2135463
2135464
2135465
2135466
2135469
2135470
2135471
2135513
2135514
2135515
2135516
2135517
2135518
2135519
2135520
2135521
2135522
2135523
2135524
2135525
2135526
2135527
2135528
2135529
2135530
2135531
2135532
2135533
2135534
2135535
2135536
2135578
2135579
2135581
2228719
2228720
2228721
2228722
2228723
2228724
2228725
2228727
2228728
2228729
2228730
2228731
2228732
2228733
2228734
2228735
2228736
2228743
2228744
2228747
2228748
2228749
2228750
2228751
2228752
2228753
2228754
2228764
2228765
2228766
2228767
2228768
2228769
2228770
2228788
2228789
2228790
2228791
2228792
2228793
2228794
2228795
2228796
2228797
2228798
2228799
2228800
2228801
2228802
2228803
2228804
2228805
2228806
2228807
2228808
2228809
2228810
2228811
2228812
2228813
2228814
2228815
2228816
2228817
2228818
2228819
2228820
2228821
2228822
2228823
2228824
2228825
2228826
2228827
2228828
2228829
2228830
2228831
2228832
2228833
2228834
2228835
2228836
2228837
2228838
2228839
2228840
2228841
2228842
2228843
2228844
2228845
2228846
2228847
2228848
2228849
2228850
2228851
2228852
2228853
2228854
2228855
2228856
2228857
2228858
2228859
2228860
2228861
2228862
2228863
2228864
2228865
2228866
2228867
2228868
2228869
2228870
2228871
2228872
2228873
2228874
2228875
2228876
2228877
2228878
2228879
2228880
2228881
2228882
2228888
2228889
2228890
2228914
2228915
2228916
2228917
2228918
2228919
2228920
2228921
2228922
2228923
2228924
2228925
2228926
2228927
2228928
2228929
2228930
2228931
2228932
2228933
2228934
2228935
2228936
2228937
2228938
2228939
2228940
2228941
2228942
2228943
2228944
2228945
2228946
2228947
2228948
2228949
2228950
2228951
2228952
2228953
2228954
2228955
2228956
2228957
2228958
2228959
2228960
2228961
2228962
2228963
2228964
2228965
2228966
2228967
2228968
2228969
2228970
2228971
2228972
2228973
2228974
2228975
2228976
2228977
2228978
2228979
2228980
2228981
2228982
2228983
2228984
2228985
2228986
2228987
2228988
2228989
2228990
2228991
2228992
2228993
2228994
2228995
2228996
2228997
2228998
2228999
2229000
2229001
2229002
2229003
2229004
2229005
2229006
2229007
2229008
2229009
2229010
2229011
2229012
2229013
2229014
2229015
2229016
2229017
2229018
2229019
2229020
2229021
2229022
2229023
2229024
2229025
2229026
2229027
2229028
2229029
2229030
2229031
2229032
2229033
2229034
2229035
2229054
2229055
2229056
2229057
2229058
2229059
2229060
2229061
2229062
2229063
2229064
2229065
2229066
2229067
2229068
2229069
2229070
2229071
2229072
2229073
2229074
2229075
2229076
2229077
2229078
2229079
2229080
2229081
2229082
2229083
2229084
2229085
2229086
2229087
2229088
2229089
2229090
2229091
2229092
2229093
2229094
2229095
2229096
2229097
2229098
2229099
2229100
2229101
2229102
2229103
2229104
2229105
2229106
2229107
2229108
2229109
2229110
2229111
2229112
2229113
2229114
2229115
2229116
2229117
2229118
2229119
2229120
2229121
2229122
2229123
2229124
2229125
2229126
2229127
2229128
2229129
2229130
2229131
2229132
2229133
2229134
2229135
2229136
2229137
2229138
2229139
2229140
2229141
2229142
2229143
2229144
2229145
2229146
2229147
2229148
2229149
2229150
2229151
2229152
2229153
2229154
2229155
2229156
2229157
2229158
2229159
2229160
2229161
2229162
2229163
2229164
2229165
2229166
2229167
2229168
2229169
2229170
2229171
2229172
2229173
2229174
2229175
2229176
2229177
2229178
2229179
2229180
2229181
2229182
2229183
2229184
2229185
2229186
2229187
2229188
2229204
2229205
2229206
2229207
2229208
2229209
2229210
2229222
2229223
2229224
2229225
2229226
2229227
2229228
2229229
2229230
2229231
2229232
2229233
2229234
2229235
2229236
2229237
2229238
2229239
2229240
2229241
2229242
2229243
2229244
2229245
2229246
2229247
2229248
2229249
2229250
2229251
2229252
2229253
2229254
2229255
2229256
2229257
2229258
2229259
2229260
2229261
2229262
2229263
2229264
2229265
2229266
2229267
2229268
2229269
2229270
2229271
2229272
2229273
2229274
2229275
2229276
2229277
2229278
2229279
2229280
2229281
2229282
2229283
2229284
2229285
2229286
2229287
2229288
2229289
2229290
2229291
2229292
2229293
2229294
2229295
2229296
2229297
2229298
2229299
2229300
2229301
2229302
2229303
2229304
2229305
2229306
2229307
2229308
2229309
2229310
2229311
2229312
2229313
2229314
2229315
2229316
2229317
2229318
2229319
2229320
2229321
2229322
2229323
2229324
2229325
2229326
2229327
2229328
2229329
2229330
2229331
2229332
2229333
2229334
2229335
2229336
2229337
2229338
2229339
2229340
2229341
2229342
2229343
2229344
2229345
2229346
2229347
2229348
2229349
2229350
2229351
2229352
2229353
2229354
2229355
2229356
2229357
2229364
2229365
2229366
2229367
2229370
2229371
2229372
2229373
2229384
2229385
2229386
2229387
2229390
2229391
2229392
2229393
2229394
2229395
2229396
2229397
2229398
2229399
2229400
2229401
2229402
2229403
2229404
2229405
2229406
2229407
2229408
2229409
2229410
2229411
2229412
2229413
2229414
2229415
2229416
2229417
2229418
2229419
2229420
2229421
2229422
2229423
2229424
2229425
2229426
2229427
2229428
2229429
2229430
2229431
2229432
2229433
2229434
2229435
2229436
2229437
2229438
2229439
2229440
2229441
2229442
2229443
2229444
2229445
2229446
2229447
2229448
2229449
2229450
2229451
2229452
2229453
2229454
2229455
2229456
2229457
2229458
2229459
2229460
2229461
2229462
2229463
2229464
2229465
2229466
2229467
2229468
2229469
2229470
2229471
2229472
2229473
2229474
2229475
2229476
2229477
2229478
2229479
2229480
2229481
2229482
2229483
2229484
2229485
2229486
2229487
2229488
2229489
2229490
2229491
2229492
2229493
2229494
2229495
2229496
2229497
2229498
2229499
2229500
2229501
2229502
2229503
2229504
2229505
2229506
2229507
2229508
2229509
2229510
2229511
2229512
2229513
2229514
2229515
2229516
2229517
2229518
2229519
2229520
2229521
2229529
2229530
2229531
2229532
2229533
2229534
2229535
2229536
2229548
2229549
2229550
2229551
2229552
2229553
2229554
2229555
2229556
2229557
2229558
2229559
2229560
2229561
2229562
2229563
2229564
2229565
2229566
2229567
2229568
2229569
2229570
2229571
2229572
2229573
2229574
2229575
2229576
2229577
2229578
2229579
2229580
2229581
2229582
2229583
2229584
2229585
2229586
2229587
2229588
2229589
2229590
2229591
2229592
2229593
2229594
2229595
2229596
2229597
2229598
2229599
2229600
2229601
2229602
2229603
2229604
2229605
2229606
2229607
2229608
2229609
2229610
2229611
2229612
2229613
2229614
2229615
2229616
2229617
2229618
2229619
2229620
2229621
2229622
2229623
2229624
2229625
2229626
2229627
2229628
2229629
2229630
2229631
2229632
2229633
2229634
2229635
2229636
2229637
2229638
2229639
2229640
2229641
2229642
2229643
2229644
2229645
2229646
2229647
2229648
2229649
2229650
2229651
2229652
2229653
2229654
2229655
2229656
2229657
2229658
2229659
2229660
2229661
2229662
2229663
2229664
2229665
2229666
2229667
2229668
2229669
2229670
2229671
2229672
2229673
2229674
2229675
2229676
2229677
2229678
2229679
2229680
2229681
2229682
2229696
2229697
2229698
2229699
2229700
2229701
2229702
2229718
2229719
2229720
2229721
2229722
2229723
2229724
2229725
2229726
2229727
2229728
2229729
2229730
2229731
2229732
2229733
2229734
2229735
2229736
2229737
2229738
2229739
2229740
2229741
2229742
2229743
2229744
2229745
2229746
2229747
2229748
2229749
2229750
2229751
2229752
2229753
2229754
2229755
2229756
2229757
2229758
2229759
2229760
2229761
2229762
2229763
2229764
2229765
2229766
2229767
2229768
2229769
2229770
2229771
2229772
2229773
2229774
2229775
2229776
2229777
2229778
2229779
2229780
2229781
2229782
2229783
2229784
2229785
2229786
2229787
2229788
2229789
2229790
2229791
2229792
2229793
2229794
2229795
2229796
2229797
2229798
2229799
2229800
2229801
2229802
2229803
2229804
2229805
2229806
2229807
2229808
2229809
2229810
2229811
2229812
2229813
2229814
2229815
2229816
2229817
2229818
2229819
2229820
2229821
2229822
2229823
2229824
2229825
2229826
2229827
2229828
2229829
2229830
2229831
2229832
2229833
2229834
2229835
2229836
2229837
2229838
2229839
2229857
2229858
2229859
2229860
2229861
2229862
2229863
2229864
2229865
2229866
2229867
2229868
2229869
2229870
2229871
2229872
2229873
2229874
2229875
2229876
2229877
2229878
2229879
2229880
2229881
2229882
2229883
2229884
2229885
2229886
2229887
2229888
2229889
2229890
2229891
2229892
2229893
2229894
2229895
2229896
2229897
2229898
2229899
2229900
2229901
2229902
2229903
2229904
2229905
2229906
2229907
2229908
2229909
2229910
2229911
2229912
2229913
2229914
2229915
2229916
2229917
2229918
2229919
2229920
2229921
2229922
2229923
2229924
2229925
2229926
2229927
2229928
2229929
2229930
2229931
2229932
2229933
2229934
2229935
2229936
2229937
2229938
2229939
2229940
2229941
2229942
2229943
2229944
2229945
2229946
2229947
2229948
2229949
2229950
2229951
2229958
2229959
2229960
2229982
2229983
2229984
2229985
2229986
2229987
2229988
2229995
2229996
2229997
2229998
2229999
2230000
2230001
2230002
2230004
2230005
2230012
2230013
2230014
2230015
2230016
2230017
2230018
2230019
2230020
2230021
2230038
2230039
2230040
2230041
2230042
2230043
2230044
2230137
2230138
2230139
2230140
2230141
2230142
2230143
2230144
2230145
2230151
2230163
2230188
2230189
2230201
2230202
2230203
2230204
2230205
2230206
2230207
2230208
2230209
2230214
2230586
2230587
2230588
2230589
2230590
2230591
2230592
2230593
2230594
2230595
2230596
2230597
2230598
2230600
2230601
2230602
2230603
2230604
2230613
2230614
2230615
2230616
2230617
2230618
2230619
2230620
2230621
2230622
2230623
2230624
2230625
2230626
2230627
2230628
2230629
2230630
2230631
2230632
2230633
2230634
2230635
2230636
2230637
2230638
2230639
2230640
2230641
2230642
2230643
2230644
2230645
2230646
2230647
2230648
2230649
2230650
2230651
2230652
2230653
2230654
2230655
2230656
2230657
2230658
2230659
2230660
2230661
2230662
2230663
2230664
2230665
2230666
2230667
2230668
2230669
2230670
2230671
2230672
2230673
2230674
2230675
2230676
2230677
2230678
2230679
2230680
2230681
2230696
2230697
2230698
2230702
2230703
2230704
2230710
2230711
2230712
2230717
2230718
2230719
2230724
2230725
2230726
2230731
2230732
2230735
2230736
2230737
2230741
2230742
2230759
2230760
2230761
2230762
2230763
2230764
2230765
2230766
2230767
2230768
2230769
2230770
2230771
2230772
2230773
2230774
2230775
2230776
2230777
2230778
2230779
2230780
2230781
2230782
2230783
2230784
2230785
2230786
2230787
2230788
2230789
2230790
2230791
2230792
2230793
2230794
2230795
2230796
2230797
2230798
2230799
2230800
2230801
2230802
2230803
2230804
2230805
2230806
2230807
2230808
2230809
2230810
2230811
2230812
2230813
2230814
2230815
2230816
2230817
2230818
2230819
2230820
2230821
2230822
2230823
2230824
2230825
2230826
2230831
2230833
2230834
2230835
2230836
2230837
2230838
2230839
2230840
2230841
2230842
2230843
2230844
2230845
2230846
2230848
2230849
2230850
2230851
2230858
2230931
2230937
2230940
2230945
2230975
2231004
2231005
2231007
2231008
2231010
2231017
2231018
2231020
2231023
2231024
2231097
2231111
2231197
2231198
2231199
2231200
2231202
2231203
2231206
2231208
2231210
2231211
2231214
2231216
2231217
2231220
2231222
2231223
2231226
2231228
2231231
2231234
2231235
2231237
2231239
2231240
2231243
2231245
2231246
2231249
2231251
2231253
2231254
2231257
2231259
2231260
2231262
2231263
2231264
2231342
2231343
2231344
2231345
2231350
2231351
2231353
2231360
2231361
2231365
2231366
2231371
2231373
2231374
2231380
2231382
2231383
2231389
2231390
2231396
2231397
2231400
2231402
2231408
2231411
2231412
2231414
2231415
2231498
2231502
2231504
2231506
2231508
2231510
2231512
2231514
2231516
2231517
2231519
2231520
2231521
2231522
2231523
2231524
2231525
2231526
2231527
2231529
2231530
2231532
2231534
2231535
2231537
2231539
2231540
2231542
2231544
2231545
2231547
2231548
2231549
2231550
2231551
2231552
2231554
2231555
2231557
2231559
2231561
2231563
2231565
2231567
2231569
2231571
2231573
2231574
2231609
2231645
2231647
2231650
2231652
2231690
2231691
2231693
2231694
2231698
2231699
2231700
2231701
2231702
2231703
2231709
2231710
2231712
2231713
2231777
2231778
2231781
2231783
2231786
2231788
2231794
2231795
2231798
2231800
2231802
2231803
2231807
2231808
2231813
2231815
2231816
2231820
2231822
2231824
2231825
2231828
2231830
2231831
2231834
2231836
2231837
2231881
2231883
2231889
2231891
2231894
2231895
2231897
2231898
2231899
2231901
2231903
2231904
2231908
2231910
2231916
2231918
2232010
2232011
2232016
2232018
2232020
2232021
2232024
2232028
2232029
2232033
2232034
2232037
2232040
2232041
2232043
2232047
2232051
2232056
2232058
2232065
2232068
2232070
2232074
2232078
2232079
2232081
2232082
2232086
2232088
2232090
2232093
2232094
2232097
2232108
2232110
2232112
2232315
2232316
2232317
2232318
2232319
2232320
2232321
2232322
2232323
2232324
2232325
2232326
2232327
2232328
2232329
2232330
2232331
2232332
2232333
2232334
2232336
2232337
2232338
2232339
2232340
2232341
2232342
2232343
2232344
2232345
2232346
2232347
2232348
2232349
2232350
2232351
2232353
2232354
2232355
2232356
2232357
2232358
2232359
2232360
2232361
2232362
2232363
2232364
2232365
2232366
2232367
2232368
2232369
2232370
2232371
2232372
2232374
2232375
2232376
2232377
2232378
2232379
2232380
2232381
2232382
2232383
2232384
2232385
2232386
2232387
2232388
2232389
2232392
2232393
2232394
2232395
2232396
2232397
2232398
2232399
2232400
2232401
2232402
2232403
2232406
2232407
2232408
2232409
2232410
2232411
2232412
2232413
2232414
2232415
2232416
2232417
2232419
2232420
2232421
2232422
2232423
2232424
2232425
2232426
2232427
2232428
2232429
2232430
2232431
2232432
2232433
2232434
2232435
2232436
2232437
2232438
2232439
2232440
2232441
2232442
2232443
2232444
2232445
2232446
2232447
2232448
2232449
2232450
2232452
2232453
2232454
2232455
2232458
2232459
2232460
2232461
2232462
2232463
2232464
2232465
2232466
2232467
2232468
2232469
2232470
2232471
2232472
2232473
2232475
2232476
2232477
2232478
2232479
2232480
2232481
2232482
2232483
2232484
2232485
2232486
2232487
2232488
2232489
2232490
2232491
2232492
2232493
2232494
2232503
2232504
2232506
2232507
2232550
2232551
2232552
2232553
2232554
2232555
2232557
2232558
2232559
2232560
2232561
2232562
2232564
2232566
2232568
2232570
2232572
2232573
2232574
2232575
2232576
2232579
2232580
2232581
2232582
2232583
2232584
2232586
2232587
2232588
2232608
2232661
2232662
2232663
2232664
2232666
2232667
2232673
2232758
2232761
2232763
2232766
2232789
2232791
2232804
2232805
2232806
2232807
2232808
2232809
2232810
2232811
2232812
2232813
2232814
2232815
2054502
2054503
2054504
2054505
2054506
2054507
2054508
2054509
2054510
2054511
2054512
2054513
2054516
2054517
2054518
2054519
2054520
2054521
2054522
2054523
2054524
2054525
2054528
2054529
2054530
2054531
2054532
2054533
2054534
2054535
2054536
2054537
2054538
2054541
2054542
2054543
2054544
2054545
2054546
2054547
2054548
2054549
2054553
2054554
2054555
2054556
2054557
2054558
2054560
2054561
2054562
2054563
2054564
2054565
2054566
2054567
2054568
2054569
2054570
2054571
2054572
2054573
2054574
2054575
2054576
2054577
2054578
2054579
2054580
2054581
2054582
2054583
2054584
2054585
2054586
2054587
2054588
2054589
2054590
2054591
2054592
2054593
2054594
2054595
2054596
2054597
2054598
2054599
2054600
2054601
2054602
2054603
2054604
2054605
2054606
2054607
2054608
2054609
2054610
2054611
2054612
2054613
2054614
2054615
2054616
2054617
2054618
2054619
2054620
2054621
2054622
2054623
2054624
2054625
2054626
2054627
2054628
2054629
2054630
2054631
2054632
2054633
2054634
2054635
2054636
2054637
2054638
2054639
2054640
2054641
2054642
2054644
2054645
2054646
2054647
2054648
2054649
2054650
2054651
2054652
2054653
2054657
2054658
2054659
2054660
2054661
2054663
2054664
2054665
2054667
2054668
2054669
2054670
2054671
2054672
2054673
2054674
2054675
2054676
2054677
2054678
2054679
2054680
2054681
2054682
2054683
2054684
2054685
2054686
2054687
2054688
2054689
2054690
2054691
2054692
2054693
2054694
2054695
2054696
2054697
2054698
2054699
2054700
2054701
2054702
2054703
2054704
2054705
2054706
2054707
2054708
2054709
2054710
2054711
2054712
2054713
2054714
2054715
2054716
2054717
2054718
2054719
2054720
2054721
2054722
2054723
2054724
2054725
2054726
2054727
2054728
2054729
2054730
2054731
2054732
2054733
2054734
2054735
2054736
2054737
2054738
2054739
2054740
2054741
2054742
2054743
2054744
2054745
2054746
2054747
2054748
2054749
2054750
2054751
2054752
2054753
2054754
2054755
2054756
2054757
2054758
2054759
2054760
2054761
2054762
2054763
2054764
2054765
2054766
2054767
2054768
2054769
2054770
2054771
2054772
2054773
2054774
2054775
2054776
2054777
2054778
2054779
2054780
2054781
2054783
2054784
2054785
2054786
2054787
2054788
2054789
2054790
2054791
2054792
2054795
2054796
2054797
2054798
2054799
2054800
2054801
2054802
2054803
2054804
2054805
2054806
2054807
2054808
2054809
2054810
2054811
2054812
2054813
2054814
2054815
2054816
2054817
2054818
2054819
2054820
2054821
2054822
2054823
2054824
2054825
2054826
2054827
2054828
2054829
2054830
2054831
2054832
2054833
2054834
2054835
2054836
2054837
2054838
2054839
2054840
2054841
2054842
2054843
2054844
2054845
2054846
2054847
2054848
2054849
2054850
2054851
2054852
2054853
2054854
2054855
2054856
2054857
2054858
2054859
2054860
2054861
2054862
2054863
2054864
2054865
2054866
2054867
2054868
2054869
2054870
2054871
2054872
2054873
2054874
2054875
2054876
2054877
2054878
2054879
2054880
2054881
2054882
2054883
2054884
2054885
2054886
2054887
2054888
2054889
2054890
2054891
2054892
2054893
2054894
2054895
2054896
2054897
2054898
2054899
2054900
2054901
2054902
2054903
2054904
2054905
2054906
2054907
2054908
2054909
2054910
2054911
2054912
2054913
2054914
2054915
2054916
2054917
2054918
2054919
2054920
2054921
2054922
2054923
2054924
2054925
2054926
2054927
2054928
2054929
2054930
2054931
2054932
2054935
2054936
2054937
2054938
2054939
2054940
2054941
2054942
2054943
2054944
2054945
2054946
2054947
2054948
2054949
2054951
2054952
2054953
2054954
2054955
2054956
2054957
2054958
2054959
2054960
2054961
2054962
2054963
2054964
2054965
2054966
2054967
2054968
2054969
2054970
2054971
2054972
2054973
2054974
2054975
2054976
2054977
2054978
2054979
2054980
2054981
2054982
2054983
2054984
2054985
2054986
2054987
2054988
2054989
2054990
2054991
2054992
2054993
2054994
2054995
2054996
2054997
2054998
2054999
2055000
2055001
2055002
2055003
2055004
2055005
2055006
2055007
2055008
2055009
2055010
2055011
2055012
2055013
2055014
2055015
2055016
2055017
2055018
2055019
2055020
2055021
2055022
2055023
2055024
2055025
2055026
2055027
2055028
2055029
2055030
2055031
2055032
2055033
2055034
2055035
2055036
2055037
2055038
2055039
2055040
2055041
2055042
2055043
2055044
2055045
2055046
2055047
2055048
2055049
2055050
2055051
2055052
2055053
2055054
2055055
2055056
2055057
2055058
2055059
2055060
2055061
2055062
2055063
2055064
2055065
2055066
2055067
2055068
2055069
2055070
2055071
2055072
2055073
2055074
2055075
2055076
2055077
2055078
2055079
2055080
2055081
2055082
2055083
2055087
2055088
2055089
2055090
2055091
2055092
2055093
2055094
2055095
2055096
2055097
2055099
2055101
2055103
2055104
2055105
2055106
2055107
2055108
2055109
2055110
2055111
2055112
2055113
2055114
2055115
2055116
2055117
2055118
2055119
2055120
2055121
2055122
2055123
2055124
2055125
2055126
2055127
2055128
2055129
2055130
2055131
2055132
2055133
2055134
2055135
2055136
2055137
2055138
2055139
2055140
2055141
2055142
2055143
2055144
2055145
2055146
2055147
2055148
2055149
2055150
2055151
2055152
2055153
2055154
2055155
2055156
2055157
2055158
2055159
2055160
2055161
2055162
2055163
2055164
2055165
2055166
2055167
2055168
2055169
2055170
2055171
2055172
2055173
2055174
2055175
2055176
2055177
2055178
2055179
2055180
2055181
2055182
2055183
2055184
2055185
2055186
2055187
2055188
2055189
2055190
2055191
2055192
2055193
2055194
2055195
2055196
2055197
2055198
2055199
2055200
2055201
2055202
2055203
2055204
2055205
2055206
2055207
2055208
2055209
2055210
2055211
2055212
2055213
2055214
2055215
2055216
2055217
2055218
2055219
2055220
2055221
2055222
2055223
2055224
2055225
2055226
2055227
2055228
2055229
2055230
2055231
2055232
2055233
2055234
2055235
2055236
2055237
2055238
2055239
2055240
2055241
2055243
2055244
2055245
2055246
2055247
2055249
2055250
2055251
2055252
2055253
2055254
2055255
2055257
2055258
2055259
2055260
2055261
2055262
2055263
2055264
2055265
2055266
2055267
2055268
2055269
2055270
2055271
2055272
2055273
2055274
2055275
2055276
2055277
2055278
2055279
2055280
2055281
2055282
2055283
2055284
2055285
2055286
2055287
2055288
2055289
2055290
2055291
2055292
2055293
2055294
2055295
2055296
2055297
2055298
2055299
2055300
2055301
2055302
2055303
2055304
2055305
2055306
2055307
2055308
2055309
2055310
2055311
2055312
2055313
2055314
2055315
2055316
2055317
2055318
2055319
2055320
2055321
2055322
2055323
2055324
2055325
2055326
2055327
2055328
2055329
2055330
2055331
2055332
2055333
2055334
2055335
2055336
2055337
2055338
2055339
2055340
2055341
2055342
2055343
2055344
2055345
2055346
2055347
2055348
2055349
2055350
2055351
2055352
2055353
2055354
2055355
2055356
2055357
2055358
2055359
2055360
2055361
2055362
2055363
2055364
2055365
2055366
2055367
2055368
2055369
2055370
2055371
2055372
2055373
2055374
2055375
2055376
2055377
2055378
2055379
2055380
2055381
2055382
2055383
2055384
2055385
2055386
2055387
2055388
2055389
2055390
2055391
2055392
2055395
2055396
2055397
2055398
2055399
2055400
2055401
2055402
2055403
2055404
2055405
2055406
2055407
2055408
2055409
2055410
2055411
2055412
2055413
2055416
2055417
2055418
2055419
2055420
2055421
2055422
2055423
2055424
2055425
2055426
2055427
2055428
2055429
2055430
2055431
2055432
2055433
2055434
2055435
2055436
2055437
2055438
2055439
2055440
2055441
2055442
2055443
2055444
2055445
2055446
2055447
2055448
2055449
2055450
2055451
2055452
2055453
2055454
2055455
2055456
2055457
2055458
2055459
2055460
2055461
2055462
2055463
2055464
2055465
2055466
2055467
2055468
2055469
2055470
2055471
2055472
2055473
2055474
2055475
2055476
2055477
2055478
2055479
2055480
2055481
2055482
2055483
2055484
2055485
2055486
2055487
2055488
2055489
2055490
2055491
2055492
2055493
2055494
2055495
2055496
2055497
2055498
2055499
2055500
2055501
2055502
2055503
2055504
2055505
2055506
2055507
2055508
2055509
2055510
2055511
2055512
2055513
2055514
2055515
2055516
2055517
2055519
2055520
2055521
2055522
2055523
2055524
2055525
2055526
2055527
2055528
2055529
2055530
2055531
2055534
2055535
2055537
2055538
2055541
2055542
2055543
2055544
2055546
2055547
2055548
2055549
2055550
2055551
2055552
2055553
2055554
2055555
2055557
2055558
2055559
2055560
2055561
2055562
2055563
2055564
2055565
2055566
2055567
2055568
2055569
2055570
2055571
2055572
2055573
2055574
2055575
2055576
2055577
2055578
2055579
2055580
2055581
2055582
2055583
2055584
2055585
2055586
2055587
2055588
2055589
2055590
2055591
2055592
2055593
2055594
2055595
2055596
2055597
2055598
2055599
2055600
2055601
2055602
2055603
2055604
2055605
2055606
2055607
2055608
2055609
2055610
2055611
2055612
2055613
2055614
2055615
2055616
2055617
2055618
2055619
2055620
2055621
2055622
2055623
2055624
2055625
2055626
2055628
2055629
2055630
2055631
2055632
2055633
2055634
2055635
2055636
2055637
2055638
2055639
2055640
2055642
2055643
2055651
2055652
2055653
2055654
2055656
2055659
2055660
2055663
2055664
2055665
2055666
2055667
2055668
2055669
2055673
2055674
2055675
2055676
2055677
2055678
2055679
2055680
2055681
2055682
2055683
2055685
2055688
2055689
2055690
2055691
2055692
2055693
2055694
2055695
2055696
2055698
2055700
2055701
2055704
2055705
2055706
2055707
2055708
2055709
2055710
2055712
2055713
)


// ************************************************************************* //
